[HEADER]
17-10-2022
11:42:16


[DATA]
[s]	[±0.008 bar]
time	pres
0.000	0.014
0.000	-0.003
0.001	-0.018
0.002	0.013
0.003	0.022
0.004	0.015
0.005	-0.003
0.006	-0.009
0.007	-0.011
0.008	-0.013
0.009	0.010
0.010	-0.002
0.011	0.034
0.012	0.004
0.013	0.007
0.014	0.026
0.015	-0.009
0.016	0.014
0.017	-0.008
0.018	-0.015
0.019	0.001
0.020	-0.009
0.021	0.008
0.022	-0.017
0.023	-0.021
0.024	0.014
0.025	0.011
0.026	0.024
0.027	0.004
0.028	0.003
0.029	0.018
0.030	0.030
0.031	0.012
0.032	0.014
0.033	-0.007
0.034	-0.010
0.035	-0.008
0.036	0.001
0.037	-0.002
0.038	0.019
0.039	-0.002
0.040	-0.016
0.041	-0.005
0.042	-0.002
0.043	-0.010
0.044	0.012
0.045	0.018
0.046	0.019
0.047	0.008
0.048	0.037
0.049	-0.000
0.050	0.010
0.051	0.001
0.052	0.007
0.053	0.023
0.054	0.034
0.055	0.012
0.056	0.003
0.057	0.008
0.058	0.023
0.059	0.017
0.060	0.001
0.061	-0.004
0.062	-0.017
0.063	-0.011
0.064	-0.006
0.065	0.028
0.066	0.024
0.067	0.001
0.068	-0.008
0.069	0.006
0.070	0.009
0.071	0.008
0.072	0.023
0.073	0.021
0.074	0.017
0.075	0.020
0.076	0.002
0.077	-0.009
0.078	0.011
0.079	0.037
0.080	0.001
0.081	0.003
0.082	0.021
0.083	-0.004
0.084	-0.020
0.085	0.023
0.086	0.035
0.088	0.020
0.088	0.002
0.089	-0.014
0.090	0.008
0.091	0.026
0.092	0.010
0.093	0.038
0.094	0.002
0.095	0.003
0.096	-0.021
0.097	-0.028
0.098	-0.003
0.099	0.004
0.100	-0.010
0.101	0.006
0.102	-0.012
0.103	-0.020
0.104	-0.020
0.105	0.017
0.106	0.005
0.107	-0.007
0.108	-0.002
0.109	0.005
0.110	0.021
0.111	0.025
0.112	-0.002
0.113	-0.004
0.114	0.016
0.115	-0.014
0.116	0.004
0.117	0.006
0.118	-0.005
0.119	0.007
0.120	0.014
0.121	0.030
0.122	0.027
0.123	0.018
0.124	0.024
0.125	0.026
0.126	0.016
0.127	0.012
0.128	0.009
0.129	0.025
0.130	-0.005
0.131	0.013
0.132	0.013
0.133	0.002
0.134	-0.002
0.135	0.004
0.136	0.003
0.137	-0.000
0.138	-0.010
0.139	0.015
0.140	0.026
0.141	0.006
0.142	0.006
0.143	-0.000
0.144	-0.009
0.145	-0.014
0.146	-0.003
0.147	-0.020
0.148	0.010
0.149	-0.018
0.150	0.000
0.151	-0.011
0.152	-0.003
0.153	-0.020
0.154	0.010
0.155	0.004
0.156	-0.015
0.157	-0.001
0.158	0.010
0.159	0.018
0.160	0.020
0.161	0.006
0.162	0.008
0.163	0.007
0.164	0.007
0.165	0.044
0.166	0.023
0.167	-0.002
0.168	0.013
0.169	0.018
0.170	0.034
0.171	0.026
0.172	0.021
0.173	-0.006
0.174	0.022
0.175	-0.003
0.176	0.009
0.177	0.004
0.178	0.045
0.179	0.038
0.180	0.024
0.181	0.018
0.182	-0.007
0.183	0.008
0.184	0.009
0.185	0.020
0.186	0.018
0.187	0.017
0.188	0.019
0.189	0.014
0.190	0.011
0.191	0.000
0.192	0.030
0.193	-0.008
0.194	0.043
0.195	0.014
0.196	0.005
0.197	0.029
0.198	0.024
0.199	-0.001
0.200	0.027
0.201	0.025
0.202	0.007
0.203	0.012
0.204	0.023
0.205	0.016
0.206	0.003
0.207	0.019
0.208	0.019
0.209	0.000
0.210	-0.009
0.211	-0.007
0.212	0.015
0.213	0.017
0.214	0.008
0.215	0.008
0.216	-0.005
0.217	-0.004
0.218	0.011
0.220	-0.010
0.220	-0.022
0.221	-0.020
0.222	-0.005
0.223	0.009
0.224	-0.011
0.225	0.013
0.226	0.010
0.227	0.022
0.228	0.007
0.229	0.018
0.230	0.005
0.231	0.022
0.232	-0.006
0.233	-0.026
0.234	-0.007
0.235	-0.017
0.236	-0.019
0.237	-0.012
0.238	0.015
0.239	-0.013
0.240	-0.014
0.241	-0.011
0.242	-0.000
0.243	0.002
0.244	0.026
0.245	0.011
0.246	0.006
0.247	-0.008
0.248	-0.006
0.249	0.014
0.250	0.019
0.251	0.005
0.252	0.017
0.253	0.001
0.254	0.017
0.255	0.051
0.256	0.031
0.257	0.018
0.258	0.006
0.259	-0.009
0.260	0.013
0.261	-0.017
0.262	-0.005
0.263	0.005
0.264	-0.006
0.265	-0.011
0.266	0.015
0.267	-0.007
0.268	0.010
0.269	0.016
0.270	0.009
0.271	0.004
0.272	0.013
0.273	0.008
0.274	-0.012
0.275	-0.017
0.276	-0.022
0.277	-0.010
0.278	0.003
0.279	0.007
0.280	0.026
0.281	0.032
0.282	-0.008
0.283	0.026
0.284	-0.005
0.285	-0.023
0.286	-0.023
0.288	-0.003
0.288	0.013
0.289	0.016
0.290	0.001
0.291	0.016
0.292	0.015
0.293	0.021
0.294	0.009
0.295	0.011
0.296	-0.014
0.297	0.006
0.298	0.026
0.299	0.001
0.300	-0.001
0.301	-0.006
0.302	0.035
0.303	0.023
0.304	0.001
0.305	0.004
0.306	-0.017
0.307	0.013
0.308	0.029
0.309	0.037
0.310	0.021
0.311	-0.007
0.312	0.001
0.313	0.024
0.314	0.029
0.315	0.029
0.316	0.014
0.317	0.012
0.318	-0.017
0.320	-0.015
0.320	0.010
0.321	0.003
0.322	0.008
0.323	-0.005
0.324	0.002
0.325	0.037
0.326	0.037
0.327	0.047
0.328	0.050
0.329	-0.010
0.330	-0.034
0.331	-0.023
0.332	0.009
0.333	0.003
0.334	0.016
0.335	0.057
0.336	0.034
0.337	-0.009
0.338	-0.009
0.339	-0.004
0.340	0.003
0.341	0.020
0.342	-0.003
0.343	0.020
0.344	0.015
0.345	-0.012
0.346	0.017
0.347	-0.004
0.348	-0.018
0.349	-0.008
0.350	0.012
0.351	0.031
0.352	-0.025
0.353	-0.008
0.354	0.030
0.355	0.013
0.356	0.006
0.357	0.009
0.358	-0.008
0.359	-0.005
0.360	-0.003
0.361	-0.001
0.362	0.000
0.363	0.013
0.364	-0.004
0.365	-0.011
0.366	-0.021
0.367	-0.011
0.368	-0.006
0.369	-0.013
0.370	0.007
0.371	-0.000
0.372	0.017
0.373	-0.007
0.374	-0.005
0.375	-0.012
0.376	0.023
0.377	0.020
0.378	0.048
0.379	0.026
0.380	0.011
0.381	0.003
0.382	0.025
0.383	0.039
0.384	0.031
0.385	0.004
0.386	0.033
0.387	0.024
0.388	-0.001
0.389	0.005
0.390	0.004
0.391	0.028
0.392	0.031
0.393	0.009
0.394	0.021
0.395	0.026
0.396	0.034
0.397	0.044
0.398	0.032
0.399	0.018
0.400	-0.009
0.401	-0.020
0.402	0.002
0.403	-0.002
0.404	0.001
0.405	-0.011
0.406	0.007
0.407	0.008
0.408	0.003
0.409	0.009
0.410	-0.007
0.411	-0.002
0.412	-0.024
0.413	-0.002
0.414	-0.011
0.415	-0.012
0.416	-0.003
0.417	-0.010
0.418	0.009
0.419	0.015
0.420	0.004
0.421	0.017
0.422	0.018
0.423	-0.000
0.424	-0.021
0.425	-0.004
0.426	0.012
0.427	0.009
0.428	0.008
0.429	0.015
0.430	-0.002
0.431	-0.016
0.432	0.010
0.433	0.014
0.434	0.025
0.435	0.014
0.436	-0.006
0.437	0.033
0.438	0.016
0.439	0.002
0.440	-0.017
0.441	-0.011
0.442	-0.010
0.443	0.012
0.444	-0.001
0.445	0.025
0.446	-0.015
0.447	-0.017
0.448	-0.010
0.449	0.022
0.450	0.023
0.451	-0.010
0.452	-0.026
0.453	-0.003
0.454	0.013
0.455	0.001
0.456	0.013
0.457	0.032
0.458	-0.003
0.459	-0.024
0.460	-0.010
0.461	-0.018
0.462	-0.011
0.463	0.012
0.464	0.021
0.465	0.004
0.466	0.015
0.467	0.008
0.468	-0.004
0.469	-0.010
0.470	-0.022
0.471	-0.015
0.472	0.006
0.473	0.006
0.474	-0.010
0.475	0.012
0.476	0.002
0.477	0.010
0.478	0.015
0.479	-0.000
0.480	0.026
0.481	0.010
0.482	0.010
0.483	0.037
0.484	0.018
0.485	-0.004
0.486	-0.011
0.487	-0.031
0.488	-0.015
0.489	-0.007
0.490	0.011
0.491	-0.015
0.492	-0.025
0.493	0.015
0.494	-0.010
0.495	0.024
0.496	0.019
0.497	0.024
0.498	0.021
0.499	-0.012
0.500	0.003
0.501	-0.001
0.502	-0.009
0.503	-0.000
0.504	-0.021
0.505	0.004
0.506	-0.021
0.507	0.016
0.508	0.006
0.509	0.015
0.510	-0.008
0.511	0.014
0.512	-0.009
0.513	0.032
0.514	0.001
0.515	-0.017
0.516	0.002
0.517	-0.017
0.518	0.003
0.519	0.021
0.520	-0.006
0.521	-0.003
0.522	0.007
0.523	0.002
0.524	0.024
0.525	-0.004
0.526	0.020
0.527	0.016
0.528	-0.004
0.529	0.004
0.530	-0.011
0.531	-0.009
0.532	0.001
0.533	0.023
0.534	0.012
0.535	0.012
0.536	0.013
0.537	0.017
0.539	0.018
0.539	0.011
0.540	0.007
0.541	-0.005
0.542	0.018
0.543	0.021
0.544	0.002
0.545	0.009
0.546	-0.001
0.547	-0.014
0.548	-0.015
0.549	-0.005
0.550	0.005
0.551	0.042
0.552	0.022
0.553	0.013
0.554	0.015
0.555	-0.013
0.556	0.009
0.557	-0.015
0.558	-0.020
0.559	-0.012
0.560	-0.024
0.561	-0.003
0.562	0.013
0.563	0.008
0.564	0.004
0.565	0.014
0.566	0.017
0.567	0.001
0.568	0.006
0.569	0.031
0.570	0.026
0.572	-0.010
0.573	0.020
0.573	0.024
0.574	0.016
0.575	-0.002
0.576	-0.015
0.577	0.032
0.578	0.038
0.579	0.044
0.580	0.016
0.581	0.030
0.582	0.004
0.583	0.011
0.584	0.015
0.585	0.023
0.586	0.045
0.588	0.018
0.589	-0.018
0.589	0.006
0.590	-0.004
0.591	-0.024
0.592	-0.009
0.593	0.020
0.594	0.038
0.595	0.033
0.596	0.011
0.597	-0.017
0.598	0.007
0.599	0.001
0.600	0.021
0.601	-0.007
0.602	-0.009
0.603	-0.028
0.604	-0.017
0.605	0.007
0.606	0.010
0.607	-0.001
0.608	-0.026
0.609	-0.014
0.610	-0.007
0.611	-0.012
0.612	-0.027
0.613	0.011
0.614	0.015
0.615	0.029
0.617	-0.001
0.617	0.019
0.618	0.026
0.619	0.022
0.620	0.008
0.621	0.003
0.622	0.008
0.623	0.008
0.624	-0.005
0.625	0.020
0.626	0.038
0.627	-0.005
0.628	-0.012
0.629	-0.013
0.630	-0.010
0.631	-0.002
0.632	-0.017
0.633	0.007
0.634	0.003
0.635	-0.008
0.636	0.017
0.637	-0.019
0.638	0.017
0.639	0.006
0.640	0.001
0.641	0.005
0.642	0.018
0.643	0.015
0.644	-0.013
0.645	0.015
0.646	0.021
0.647	0.013
0.648	0.029
0.649	0.022
0.650	0.014
0.651	0.002
0.652	0.012
0.653	0.031
0.654	0.027
0.655	-0.002
0.656	0.011
0.657	-0.012
0.658	-0.012
0.659	-0.024
0.660	-0.030
0.661	-0.005
0.662	-0.007
0.663	-0.001
0.664	-0.001
0.665	-0.022
0.666	0.006
0.667	0.003
0.668	-0.005
0.669	-0.014
0.670	-0.018
0.671	-0.027
0.672	0.020
0.673	0.007
0.674	-0.003
0.675	-0.019
0.676	-0.015
0.677	0.008
0.678	0.010
0.679	-0.005
0.680	-0.010
0.681	-0.003
0.682	-0.012
0.683	-0.003
0.684	-0.017
0.685	-0.002
0.686	-0.020
0.687	-0.021
0.689	-0.021
0.689	-0.010
0.690	-0.012
0.691	-0.011
0.692	-0.012
0.693	0.012
0.694	0.020
0.695	0.016
0.696	0.011
0.697	0.022
0.698	0.033
0.699	0.031
0.700	0.000
0.701	0.006
0.702	0.021
0.703	-0.000
0.704	-0.020
0.705	0.003
0.706	0.006
0.707	0.014
0.708	-0.002
0.709	0.010
0.710	-0.021
0.711	0.002
0.712	-0.010
0.713	-0.002
0.714	0.029
0.715	0.030
0.717	-0.000
0.717	-0.002
0.718	0.015
0.719	0.003
0.720	0.028
0.721	-0.010
0.722	0.004
0.723	0.016
0.724	0.012
0.725	0.008
0.726	0.007
0.727	0.025
0.728	0.038
0.729	0.030
0.730	-0.006
0.731	-0.015
0.732	-0.015
0.733	-0.020
0.734	-0.002
0.735	0.009
0.736	-0.004
0.737	0.032
0.738	0.038
0.739	0.021
0.740	0.022
0.741	0.004
0.742	0.006
0.743	-0.014
0.744	-0.022
0.745	0.001
0.746	0.007
0.747	0.022
0.748	0.027
0.749	-0.001
0.750	-0.024
0.751	0.007
0.752	0.014
0.753	0.009
0.754	0.001
0.755	0.004
0.756	-0.020
0.757	0.013
0.758	0.014
0.759	0.023
0.760	0.029
0.761	0.012
0.762	0.005
0.763	-0.009
0.764	-0.023
0.765	-0.004
0.766	-0.011
0.767	-0.011
0.768	0.002
0.770	0.013
0.771	-0.007
0.771	-0.014
0.772	0.030
0.773	-0.001
0.774	-0.042
0.775	0.002
0.776	0.015
0.777	0.006
0.778	0.011
0.779	-0.000
0.780	0.042
0.781	0.017
0.782	0.032
0.783	-0.000
0.784	-0.003
0.785	-0.019
0.786	-0.014
0.788	0.013
0.789	-0.002
0.790	0.017
0.790	0.033
0.791	0.010
0.792	0.013
0.793	-0.008
0.794	-0.016
0.795	0.029
0.796	-0.015
0.797	0.003
0.798	-0.024
0.799	0.003
0.800	0.001
0.802	-0.003
0.803	-0.012
0.803	0.001
0.804	0.008
0.805	0.021
0.806	0.013
0.807	-0.005
0.808	0.015
0.809	0.020
0.810	0.011
0.811	-0.006
0.812	0.017
0.813	0.025
0.814	0.020
0.815	-0.004
0.816	0.015
0.817	0.013
0.818	-0.002
0.819	0.009
0.820	-0.008
0.821	0.017
0.822	-0.008
0.823	-0.009
0.824	-0.008
0.825	0.019
0.826	0.012
0.827	-0.005
0.828	0.015
0.829	-0.004
0.830	0.016
0.831	-0.003
0.832	0.003
0.833	0.015
0.834	-0.010
0.835	0.037
0.836	-0.010
0.837	0.034
0.838	0.000
0.839	-0.012
0.840	0.006
0.841	0.016
0.842	0.011
0.843	-0.002
0.844	-0.005
0.845	-0.008
0.846	-0.006
0.847	0.010
0.848	0.011
0.849	0.009
0.850	0.003
0.851	0.018
0.853	0.019
0.853	0.005
0.854	-0.006
0.855	0.002
0.856	0.011
0.857	-0.005
0.858	-0.034
0.859	0.005
0.860	0.002
0.861	-0.006
0.862	0.024
0.863	0.039
0.864	0.022
0.865	0.025
0.866	0.027
0.867	0.004
0.868	-0.011
0.869	-0.030
0.870	0.006
0.871	0.009
0.872	0.002
0.873	-0.009
0.874	0.027
0.875	-0.001
0.876	0.013
0.877	-0.003
0.878	-0.001
0.879	0.002
0.880	0.015
0.881	0.006
0.882	-0.004
0.883	-0.026
0.884	0.004
0.885	0.013
0.886	0.003
0.887	0.013
0.888	0.010
0.889	-0.000
0.890	0.010
0.891	0.005
0.892	-0.012
0.893	-0.013
0.894	-0.024
0.895	0.000
0.896	0.006
0.897	-0.004
0.898	0.004
0.899	0.013
0.900	0.009
0.901	0.006
0.902	-0.009
0.903	-0.013
0.904	0.031
0.905	-0.010
0.906	0.007
0.907	0.014
0.908	0.001
0.909	-0.001
0.910	0.029
0.911	-0.005
0.912	-0.012
0.913	-0.006
0.914	0.022
0.915	0.012
0.916	0.015
0.917	0.006
0.918	-0.005
0.919	-0.012
0.921	0.026
0.921	0.013
0.922	0.010
0.923	-0.020
0.924	-0.011
0.925	-0.007
0.926	0.018
0.927	0.015
0.928	-0.008
0.929	0.002
0.930	0.042
0.931	0.042
0.932	0.010
0.933	0.028
0.934	0.042
0.935	-0.003
0.936	-0.005
0.937	0.013
0.938	0.005
0.939	0.001
0.940	0.000
0.941	0.003
0.942	-0.001
0.943	0.031
0.944	0.008
0.945	0.007
0.946	0.022
0.947	0.015
0.948	0.016
0.949	0.002
0.950	0.001
0.951	0.013
0.953	0.013
0.953	-0.012
0.954	0.012
0.955	-0.003
0.956	0.017
0.957	0.021
0.958	0.024
0.959	0.015
0.960	0.018
0.961	0.028
0.962	0.013
0.963	0.001
0.964	-0.017
0.965	0.026
0.966	-0.007
0.967	-0.013
0.968	0.011
0.969	0.030
0.971	-0.012
0.971	-0.010
0.972	-0.011
0.973	-0.026
0.974	-0.013
0.975	0.020
0.976	0.021
0.977	0.017
0.978	-0.012
0.979	0.013
0.980	-0.011
0.981	0.005
0.982	0.015
0.983	0.033
0.984	0.011
0.985	0.008
0.986	0.001
0.987	0.005
0.988	0.011
0.989	0.013
0.990	-0.006
0.991	-0.003
0.992	0.018
0.993	0.003
0.994	0.009
0.995	0.031
0.996	0.037
0.997	0.031
0.998	0.025
0.999	0.031
1.000	0.007
1.001	-0.004
1.002	0.001
1.003	-0.013
1.004	-0.007
1.005	-0.007
1.006	-0.008
1.007	-0.007
1.008	0.027
1.009	0.006
1.010	0.017
1.011	0.018
1.012	0.007
1.013	-0.005
1.014	0.003
1.015	-0.003
1.016	-0.004
1.017	-0.002
1.018	-0.006
1.019	0.018
1.020	-0.005
1.021	-0.006
1.022	0.018
1.023	0.005
1.024	-0.001
1.025	0.006
1.026	0.019
1.027	0.018
1.028	0.014
1.029	0.021
1.030	0.015
1.031	0.010
1.032	0.004
1.033	0.007
1.034	0.011
1.035	0.014
1.036	0.014
1.037	0.007
1.038	-0.003
1.039	-0.004
1.040	-0.004
1.041	0.007
1.042	0.016
1.043	-0.006
1.044	-0.009
1.045	-0.013
1.046	-0.017
1.047	-0.023
1.048	-0.011
1.049	-0.008
1.050	0.005
1.051	0.008
1.052	0.007
1.053	0.001
1.054	-0.003
1.055	-0.003
1.056	-0.001
1.057	0.016
1.058	-0.007
1.059	0.006
1.060	0.006
1.061	-0.002
1.062	0.005
1.063	0.015
1.064	0.023
1.065	0.001
1.066	0.007
1.067	-0.008
1.068	-0.021
1.069	-0.003
1.071	-0.008
1.072	-0.006
1.072	-0.005
1.073	-0.002
1.074	-0.012
1.075	0.008
1.076	0.014
1.077	0.004
1.078	0.027
1.079	0.012
1.080	0.009
1.081	0.004
1.082	0.002
1.083	0.002
1.084	0.007
1.085	-0.012
1.086	0.008
1.087	0.027
1.088	0.017
1.089	0.003
1.090	-0.001
1.091	-0.009
1.092	-0.004
1.093	-0.009
1.094	0.004
1.095	-0.004
1.096	-0.008
1.097	-0.010
1.098	0.004
1.099	-0.003
1.100	-0.001
1.101	-0.019
1.103	-0.029
1.104	-0.015
1.104	0.016
1.105	0.026
1.106	0.005
1.107	0.046
1.108	0.013
1.109	0.004
1.110	0.010
1.111	0.014
1.112	0.023
1.113	0.013
1.114	0.000
1.115	-0.000
1.116	0.020
1.117	0.043
1.118	0.019
1.119	0.002
1.120	0.003
1.121	-0.007
1.122	0.010
1.123	0.005
1.124	0.001
1.125	0.026
1.126	0.008
1.127	0.037
1.128	0.005
1.129	0.014
1.130	0.020
1.131	-0.010
1.132	-0.006
1.133	0.007
1.134	0.015
1.135	0.008
1.136	0.012
1.137	0.018
1.138	0.026
1.139	0.027
1.140	0.033
1.141	0.021
1.142	-0.001
1.143	0.004
1.144	0.010
1.145	-0.019
1.146	-0.023
1.147	-0.029
1.148	-0.000
1.149	0.003
1.150	0.031
1.151	0.034
1.153	0.011
1.153	0.021
1.154	0.026
1.155	0.022
1.156	0.029
1.157	0.023
1.158	-0.005
1.159	-0.018
1.160	-0.034
1.161	-0.006
1.162	0.012
1.163	0.012
1.164	-0.002
1.165	0.024
1.166	0.023
1.167	0.001
1.168	0.009
1.170	-0.014
1.170	0.001
1.171	0.023
1.172	0.027
1.173	0.015
1.174	0.018
1.175	0.021
1.176	0.027
1.177	-0.006
1.178	0.031
1.179	0.015
1.180	-0.018
1.181	-0.022
1.182	0.008
1.183	0.028
1.184	-0.007
1.185	0.009
1.187	0.020
1.187	-0.020
1.188	0.008
1.189	0.007
1.190	0.015
1.191	-0.006
1.192	-0.011
1.193	-0.029
1.194	-0.025
1.195	-0.000
1.196	0.011
1.197	-0.014
1.198	-0.012
1.199	0.013
1.200	0.012
1.201	-0.002
1.202	-0.007
1.203	0.027
1.204	-0.002
1.205	0.016
1.206	0.040
1.207	0.034
1.208	0.001
1.209	0.024
1.210	0.036
1.211	0.018
1.212	-0.008
1.213	0.012
1.214	0.009
1.215	-0.006
1.216	-0.013
1.217	0.007
1.219	0.013
1.219	0.018
1.220	0.002
1.221	0.019
1.222	-0.016
1.223	-0.003
1.224	-0.017
1.225	0.005
1.226	0.009
1.227	0.023
1.228	0.008
1.229	-0.013
1.230	0.005
1.231	-0.002
1.232	0.003
1.233	0.013
1.234	0.020
1.235	0.007
1.237	0.032
1.237	0.009
1.238	0.021
1.239	0.010
1.240	0.010
1.241	0.018
1.242	0.024
1.243	0.017
1.244	0.007
1.245	0.020
1.246	0.010
1.247	0.007
1.248	-0.002
1.249	-0.005
1.250	0.011
1.251	0.003
1.252	0.025
1.253	0.041
1.254	0.030
1.255	0.029
1.256	0.020
1.257	0.033
1.258	0.010
1.259	0.005
1.260	0.006
1.261	-0.013
1.262	0.011
1.263	0.012
1.264	0.019
1.265	0.016
1.266	0.005
1.267	-0.021
1.269	-0.012
1.269	-0.024
1.270	-0.014
1.271	-0.014
1.272	0.031
1.273	0.024
1.274	0.040
1.275	0.031
1.276	0.024
1.277	0.019
1.278	0.012
1.279	-0.014
1.280	-0.018
1.281	0.021
1.282	-0.006
1.283	-0.006
1.284	-0.000
1.285	-0.007
1.287	0.019
1.288	0.035
1.288	0.010
1.289	-0.002
1.290	-0.006
1.291	0.014
1.292	-0.012
1.293	0.021
1.294	0.006
1.295	0.016
1.296	-0.013
1.297	-0.018
1.298	0.024
1.299	0.021
1.300	0.014
1.301	-0.001
1.302	-0.001
1.303	0.014
1.304	0.019
1.305	0.017
1.306	-0.016
1.307	0.007
1.308	0.001
1.309	0.004
1.310	0.017
1.311	0.013
1.312	0.005
1.313	-0.003
1.314	0.016
1.315	0.022
1.316	0.031
1.317	0.014
1.319	0.038
1.319	0.025
1.320	0.017
1.321	-0.031
1.322	-0.003
1.323	0.031
1.324	0.029
1.325	0.026
1.326	0.041
1.327	0.006
1.328	0.025
1.329	0.027
1.330	0.020
1.331	-0.011
1.333	-0.020
1.333	-0.004
1.334	-0.000
1.335	-0.001
1.336	-0.003
1.338	0.002
1.338	-0.021
1.339	0.019
1.340	0.017
1.341	-0.003
1.342	0.016
1.343	0.002
1.344	-0.016
1.345	0.008
1.346	0.002
1.347	0.027
1.348	0.017
1.349	0.018
1.350	0.041
1.351	0.021
1.353	0.004
1.354	0.003
1.354	0.012
1.355	-0.005
1.356	0.026
1.357	-0.016
1.358	0.014
1.359	0.007
1.360	-0.018
1.361	0.009
1.362	0.025
1.363	0.023
1.364	0.009
1.365	0.005
1.366	-0.022
1.367	-0.020
1.368	-0.028
1.370	-0.012
1.370	-0.005
1.371	0.023
1.372	0.020
1.373	0.022
1.374	0.043
1.375	0.013
1.376	0.002
1.377	0.002
1.378	-0.010
1.379	0.009
1.380	0.025
1.381	0.010
1.382	0.012
1.383	0.036
1.384	0.000
1.385	-0.027
1.386	-0.015
1.387	-0.012
1.388	-0.006
1.389	-0.006
1.390	0.005
1.391	-0.010
1.392	-0.027
1.393	-0.007
1.394	-0.004
1.395	0.003
1.396	-0.000
1.397	-0.011
1.398	-0.015
1.399	-0.001
1.400	0.039
1.401	0.022
1.403	0.009
1.403	0.017
1.404	0.027
1.405	-0.007
1.406	0.005
1.407	-0.008
1.408	0.013
1.409	0.017
1.410	0.014
1.411	0.007
1.412	0.012
1.413	0.004
1.414	-0.013
1.415	-0.014
1.416	0.008
1.417	-0.015
1.418	0.002
1.420	-0.014
1.420	-0.002
1.421	-0.006
1.422	-0.008
1.423	0.004
1.424	0.022
1.425	-0.006
1.426	0.004
1.427	0.013
1.428	-0.028
1.429	-0.029
1.430	0.020
1.431	0.002
1.432	-0.018
1.433	0.009
1.434	0.009
1.435	0.018
1.436	-0.012
1.437	0.003
1.438	-0.009
1.439	-0.014
1.440	-0.015
1.441	0.035
1.442	-0.002
1.443	-0.033
1.444	-0.014
1.445	0.020
1.446	-0.004
1.447	0.024
1.449	0.012
1.449	0.028
1.450	0.016
1.451	0.007
1.452	-0.004
1.453	-0.014
1.454	0.004
1.455	-0.014
1.456	0.009
1.457	0.024
1.458	-0.004
1.459	0.011
1.460	0.009
1.461	0.019
1.462	0.015
1.463	-0.002
1.464	0.018
1.465	0.000
1.466	-0.009
1.467	0.010
1.468	0.014
1.469	0.002
1.471	-0.003
1.471	0.008
1.482	0.002
1.482	0.021
1.482	0.013
1.482	0.009
1.482	0.003
1.482	0.021
1.482	0.016
1.482	-0.008
1.482	-0.014
1.482	-0.011
1.482	0.002
1.483	0.028
1.484	0.006
1.485	0.005
1.486	0.013
1.487	0.013
1.488	0.006
1.489	0.022
1.490	0.005
1.491	0.001
1.492	-0.001
1.493	0.022
1.494	0.009
1.495	-0.012
1.496	-0.008
1.497	0.020
1.498	0.009
1.499	0.012
1.500	0.002
1.501	0.022
1.502	0.014
1.503	0.023
1.504	0.032
1.505	0.010
1.506	0.006
1.507	0.023
1.508	0.034
1.509	0.004
1.510	0.005
1.511	0.007
1.512	0.006
1.513	0.004
1.514	0.024
1.515	0.005
1.516	-0.009
1.517	-0.003
1.518	-0.008
1.519	-0.001
1.520	0.009
1.521	0.009
1.522	0.028
1.523	0.007
1.524	-0.020
1.525	-0.000
1.526	0.012
1.527	-0.000
1.528	-0.013
1.529	-0.019
1.530	-0.016
1.531	0.000
1.532	-0.004
1.533	-0.012
1.534	0.003
1.535	0.021
1.536	0.026
1.537	0.006
1.538	-0.014
1.539	-0.015
1.540	0.035
1.541	0.051
1.542	0.013
1.543	0.002
1.544	0.011
1.545	0.013
1.546	-0.007
1.547	-0.018
1.548	-0.007
1.550	0.006
1.550	0.006
1.551	-0.015
1.552	-0.000
1.553	0.014
1.554	0.019
1.555	0.011
1.556	-0.011
1.557	-0.016
1.558	0.007
1.559	0.019
1.560	0.013
1.561	0.013
1.562	-0.004
1.563	0.002
1.564	0.011
1.565	0.019
1.567	0.010
1.567	-0.001
1.568	0.025
1.569	0.023
1.570	0.033
1.571	0.025
1.572	-0.005
1.573	0.011
1.574	0.011
1.575	-0.027
1.576	-0.018
1.577	-0.006
1.578	0.007
1.579	-0.010
1.580	-0.011
1.581	-0.011
1.583	-0.002
1.583	-0.014
1.584	0.001
1.585	0.009
1.586	0.023
1.587	0.038
1.588	0.002
1.589	0.001
1.590	-0.001
1.592	-0.013
1.593	-0.016
1.594	-0.002
1.594	0.025
1.595	0.010
1.596	0.013
1.597	0.025
1.598	0.032
1.599	0.024
1.600	-0.004
1.601	-0.009
1.602	0.000
1.603	0.004
1.604	0.017
1.605	0.001
1.606	0.004
1.607	0.010
1.608	0.011
1.609	0.013
1.610	0.002
1.611	0.008
1.612	0.017
1.613	0.012
1.614	-0.012
1.616	0.003
1.617	0.017
1.617	0.017
1.618	0.034
1.619	0.007
1.620	0.008
1.621	0.025
1.622	0.019
1.623	0.034
1.624	0.022
1.625	-0.003
1.626	-0.003
1.627	-0.019
1.628	-0.024
1.629	-0.024
1.630	0.001
1.631	0.007
1.632	-0.014
1.633	0.002
1.634	-0.004
1.636	-0.015
1.637	0.024
1.637	0.005
1.638	0.018
1.639	0.013
1.640	0.021
1.641	-0.003
1.642	-0.016
1.643	0.006
1.644	-0.002
1.645	0.029
1.646	0.024
1.647	0.011
1.648	-0.009
1.649	-0.004
1.650	0.016
1.651	-0.008
1.652	-0.015
1.654	0.011
1.655	0.015
1.655	-0.002
1.656	0.006
1.657	0.004
1.658	-0.001
1.659	0.012
1.660	0.002
1.661	0.011
1.662	0.011
1.663	-0.012
1.664	0.018
1.665	0.010
1.666	0.023
1.667	0.028
1.668	0.022
1.669	-0.008
1.670	0.004
1.671	-0.002
1.672	0.021
1.673	0.012
1.674	-0.003
1.675	-0.021
1.676	-0.009
1.677	0.015
1.678	0.009
1.679	-0.001
1.680	-0.011
1.681	-0.006
1.682	0.019
1.683	-0.007
1.684	-0.005
1.686	-0.021
1.686	-0.031
1.687	0.002
1.688	0.001
1.689	0.002
1.690	-0.003
1.691	0.004
1.692	0.031
1.693	0.012
1.694	0.020
1.695	-0.000
1.697	-0.002
1.697	0.010
1.699	-0.011
1.699	0.000
1.700	0.017
1.701	-0.004
1.703	-0.004
1.704	0.006
1.704	0.003
1.705	0.011
1.706	0.009
1.707	0.017
1.708	0.022
1.709	0.036
1.710	0.030
1.711	0.005
1.712	0.027
1.714	-0.015
1.714	0.021
1.715	0.025
1.716	0.021
1.718	-0.005
1.718	0.002
1.719	0.012
1.720	0.008
1.721	-0.009
1.722	0.008
1.723	0.011
1.724	0.018
1.725	0.018
1.726	0.002
1.727	0.005
1.728	0.023
1.729	-0.005
1.730	0.008
1.731	0.022
1.732	0.040
1.733	-0.004
1.734	-0.012
1.736	0.008
1.737	0.010
1.737	0.014
1.738	-0.002
1.739	0.009
1.740	-0.006
1.741	0.018
1.742	-0.002
1.743	0.011
1.744	-0.004
1.746	-0.006
1.747	-0.017
1.747	0.018
1.749	0.033
1.750	0.002
1.750	-0.005
1.751	0.023
1.752	-0.003
1.754	0.007
1.755	-0.011
1.755	0.013
1.756	0.018
1.757	0.023
1.758	0.018
1.759	0.009
1.760	0.004
1.761	0.012
1.762	0.006
1.763	-0.008
1.765	-0.020
1.766	-0.009
1.766	-0.007
1.767	-0.001
1.768	-0.020
1.769	0.021
1.770	0.004
1.771	0.016
1.772	-0.007
1.773	0.009
1.774	0.015
1.775	0.038
1.776	0.012
1.777	0.011
1.778	0.029
1.779	0.004
1.781	-0.012
1.782	-0.006
1.782	0.003
1.783	-0.000
1.784	0.010
1.786	0.014
1.787	-0.013
1.787	0.014
1.788	0.005
1.789	0.013
1.791	-0.005
1.791	-0.003
1.792	-0.003
1.793	0.015
1.794	0.024
1.795	0.005
1.796	0.001
1.797	0.014
1.799	0.007
1.800	0.007
1.800	0.008
1.801	0.011
1.802	0.029
1.804	0.042
1.805	0.040
1.805	0.020
1.806	0.031
1.807	0.008
1.808	0.003
1.809	-0.009
1.810	0.019
1.811	0.003
1.813	-0.010
1.813	0.004
1.814	-0.003
1.816	-0.013
1.816	0.002
1.817	-0.006
1.818	0.015
1.819	0.039
1.820	0.034
1.821	0.017
1.822	0.026
1.823	0.026
1.824	0.015
1.825	0.003
1.827	-0.003
1.827	-0.014
1.828	0.001
1.829	0.028
1.830	0.034
1.832	0.043
1.833	0.015
1.834	-0.006
1.834	0.020
1.835	0.002
1.836	0.016
1.837	0.012
1.839	-0.000
1.839	0.040
1.840	0.018
1.841	0.016
1.843	-0.017
1.844	-0.003
1.844	-0.021
1.845	0.007
1.847	0.011
1.847	0.016
1.849	0.028
1.849	0.018
1.850	0.025
1.851	0.018
1.852	0.018
1.854	0.015
1.854	0.006
1.855	0.006
1.856	0.016
1.858	-0.004
1.859	-0.033
1.859	-0.027
1.860	-0.014
1.862	-0.004
1.862	0.012
1.864	0.007
1.864	0.019
1.866	-0.006
1.866	0.007
1.867	0.025
1.868	0.014
1.870	-0.011
1.870	0.003
1.871	-0.016
1.872	0.007
1.874	-0.007
1.874	0.004
1.875	0.015
1.876	0.014
1.877	-0.025
1.879	-0.010
1.879	0.023
1.881	0.017
1.881	0.050
1.882	-0.001
1.883	-0.008
1.884	0.010
1.885	-0.003
1.887	0.023
1.887	0.022
1.888	0.005
1.889	0.003
1.890	0.007
1.891	-0.021
1.892	0.007
1.893	0.005
1.894	0.008
1.895	0.002
1.896	-0.014
1.897	-0.023
1.898	-0.011
1.899	-0.002
1.900	0.003
1.901	-0.005
1.902	-0.017
1.904	0.028
1.904	0.023
1.905	0.011
1.906	0.003
1.907	0.001
1.908	-0.006
1.909	-0.002
1.910	0.025
1.911	0.015
1.912	0.011
1.913	0.022
1.914	0.002
1.915	0.005
1.916	0.011
1.917	0.006
1.918	0.007
1.919	-0.002
1.920	0.014
1.921	-0.001
1.922	0.003
1.923	0.009
1.924	0.020
1.925	-0.000
1.926	0.012
1.927	0.008
1.928	-0.009
1.929	-0.001
1.930	0.008
1.931	0.027
1.932	0.020
1.933	0.008
1.934	0.013
1.936	0.003
1.937	-0.001
1.937	-0.014
1.938	-0.004
1.939	0.006
1.940	0.004
1.941	0.014
1.942	0.006
1.943	0.014
1.944	-0.009
1.945	-0.003
1.946	0.042
1.947	0.026
1.948	0.011
1.949	0.022
1.950	-0.001
1.951	0.006
1.952	-0.005
1.954	-0.004
1.954	-0.005
1.955	0.012
1.956	-0.005
1.957	0.013
1.958	-0.004
1.959	-0.003
1.960	-0.004
1.961	-0.003
1.962	0.008
1.963	0.008
1.965	-0.009
1.965	0.019
1.966	0.022
1.967	0.008
1.968	0.002
1.970	-0.003
1.970	-0.002
1.971	0.027
1.972	-0.001
1.973	-0.007
1.974	0.006
1.975	-0.021
1.976	-0.002
1.977	0.003
1.978	0.022
1.979	0.013
1.981	0.001
1.981	-0.015
1.982	-0.011
1.983	0.010
1.984	-0.002
1.986	-0.007
1.987	0.020
1.987	0.008
1.988	0.024
1.989	0.002
1.990	0.011
1.992	-0.001
1.992	-0.004
1.993	0.012
1.994	-0.012
1.995	0.025
1.996	0.026
1.997	0.032
1.998	0.014
2.000	0.008
2.000	0.030
2.001	0.012
2.003	0.025
2.004	0.008
2.005	0.004
2.005	0.022
2.007	-0.007
2.007	-0.008
2.009	-0.006
2.009	-0.023
2.010	0.006
2.012	-0.009
2.012	-0.012
2.014	-0.001
2.015	0.009
2.016	0.025
2.016	0.009
2.017	0.006
2.018	-0.014
2.019	0.036
2.020	0.004
2.021	0.007
2.022	0.004
2.023	0.008
2.024	0.011
2.025	0.021
2.026	0.027
2.027	0.031
2.028	0.005
2.029	-0.004
2.030	0.019
2.031	-0.005
2.033	-0.024
2.033	0.003
2.034	-0.012
2.035	0.011
2.036	0.029
2.037	0.037
2.038	0.016
2.039	0.019
2.040	0.003
2.041	0.006
2.042	0.036
2.043	0.010
2.045	-0.002
2.046	-0.006
2.047	0.031
2.047	0.017
2.049	0.042
2.049	0.011
2.050	0.008
2.051	-0.005
2.053	-0.004
2.054	-0.003
2.055	0.000
2.056	-0.019
2.057	-0.022
2.057	-0.022
2.058	-0.005
2.059	-0.003
2.060	0.006
2.061	0.007
2.062	0.001
2.063	-0.007
2.065	-0.011
2.066	-0.017
2.067	-0.022
2.067	0.019
2.068	-0.017
2.069	-0.025
2.071	-0.027
2.072	-0.008
2.072	0.018
2.073	0.008
2.074	0.013
2.076	-0.017
2.077	-0.003
2.077	0.022
2.078	0.005
2.079	0.011
2.081	-0.000
2.082	-0.012
2.082	0.006
2.083	0.036
2.084	0.013
2.085	0.035
2.087	0.009
2.088	-0.004
2.089	-0.011
2.089	-0.011
2.091	-0.003
2.091	0.015
2.092	-0.007
2.093	0.021
2.094	0.002
2.095	0.011
2.097	0.041
2.097	0.018
2.098	0.007
2.099	-0.008
2.101	0.028
2.102	0.012
2.103	0.015
2.104	0.007
2.105	0.031
2.106	0.021
2.107	0.007
2.108	0.022
2.109	0.006
2.110	-0.002
2.111	0.020
2.111	0.009
2.113	0.015
2.114	-0.017
2.115	-0.020
2.116	-0.019
2.117	-0.026
2.118	-0.023
2.119	-0.009
2.120	0.007
2.121	-0.016
2.122	-0.013
2.123	-0.023
2.124	-0.021
2.125	0.002
2.126	-0.001
2.127	-0.027
2.128	0.008
2.129	-0.006
2.130	0.001
2.131	0.005
2.132	0.003
2.133	0.010
2.134	-0.020
2.135	-0.027
2.136	-0.000
2.137	-0.024
2.138	-0.019
2.139	-0.011
2.140	-0.023
2.141	-0.017
2.142	-0.024
2.143	0.010
2.144	0.013
2.145	0.009
2.146	-0.015
2.147	0.019
2.148	0.014
2.149	0.013
2.150	0.031
2.151	0.006
2.152	-0.011
2.153	-0.020
2.154	0.018
2.155	0.014
2.156	-0.013
2.157	-0.023
2.158	-0.014
2.159	-0.014
2.160	-0.001
2.161	-0.016
2.162	0.024
2.163	0.002
2.164	0.001
2.165	0.004
2.166	0.020
2.167	0.025
2.168	0.030
2.169	-0.006
2.170	0.018
2.171	0.017
2.172	0.019
2.173	0.019
2.174	0.000
2.175	0.004
2.176	-0.010
2.177	-0.009
2.178	-0.001
2.179	-0.018
2.180	0.019
2.181	-0.004
2.182	0.005
2.183	0.020
2.184	0.020
2.185	0.013
2.186	0.015
2.187	0.022
2.188	0.012
2.189	0.021
2.190	-0.007
2.191	-0.031
2.192	-0.019
2.193	0.005
2.194	-0.008
2.195	-0.001
2.196	0.002
2.197	0.017
2.198	-0.003
2.199	-0.021
2.200	-0.010
2.201	0.039
2.202	0.043
2.203	0.003
2.204	-0.010
2.205	-0.031
2.206	-0.004
2.207	0.013
2.208	0.009
2.209	0.022
2.210	0.028
2.211	0.012
2.212	-0.011
2.213	0.006
2.214	-0.014
2.215	-0.021
2.216	-0.031
2.217	-0.016
2.218	0.013
2.219	0.024
2.220	0.021
2.221	-0.006
2.222	0.030
2.223	0.032
2.224	0.020
2.225	0.015
2.226	0.005
2.227	0.013
2.228	0.014
2.229	-0.010
2.230	0.026
2.231	0.021
2.232	0.008
2.233	0.003
2.234	0.023
2.235	-0.014
2.236	0.006
2.237	0.019
2.238	0.006
2.239	-0.012
2.240	-0.020
2.241	-0.024
2.242	0.002
2.243	-0.006
2.244	-0.018
2.245	-0.002
2.246	-0.004
2.247	-0.006
2.248	0.001
2.249	-0.019
2.250	-0.016
2.251	0.015
2.252	-0.016
2.253	0.001
2.254	0.017
2.255	0.005
2.256	-0.024
2.257	-0.011
2.258	-0.010
2.259	0.011
2.260	0.021
2.261	-0.007
2.262	0.006
2.263	0.011
2.264	0.038
2.265	0.021
2.266	0.033
2.267	-0.002
2.268	-0.001
2.269	0.024
2.270	0.014
2.271	0.025
2.272	0.028
2.273	0.023
2.274	-0.008
2.275	0.047
2.276	0.002
2.277	-0.011
2.278	-0.018
2.279	0.006
2.280	-0.014
2.281	-0.027
2.282	0.015
2.283	0.018
2.284	-0.005
2.285	-0.005
2.286	0.020
2.287	0.016
2.288	0.019
2.289	0.002
2.290	0.019
2.291	0.044
2.292	0.007
2.293	-0.020
2.294	0.020
2.295	-0.000
2.296	-0.028
2.297	-0.033
2.298	-0.009
2.299	-0.000
2.300	0.009
2.301	0.014
2.302	0.015
2.303	0.008
2.304	0.015
2.305	0.009
2.306	0.031
2.307	0.033
2.308	0.011
2.309	0.018
2.310	-0.001
2.311	0.003
2.312	-0.009
2.313	0.003
2.314	0.014
2.315	-0.022
2.316	-0.019
2.317	0.006
2.318	-0.010
2.319	-0.012
2.320	-0.024
2.321	-0.005
2.322	-0.019
2.323	-0.000
2.324	-0.031
2.325	-0.014
2.326	-0.015
2.327	0.003
2.328	0.006
2.329	0.018
2.330	-0.010
2.331	-0.017
2.332	0.010
2.333	0.014
2.334	-0.009
2.335	-0.005
2.336	0.015
2.337	0.008
2.338	-0.006
2.339	0.020
2.340	0.026
2.341	0.026
2.342	-0.019
2.343	0.001
2.344	-0.002
2.345	0.004
2.346	0.019
2.347	0.005
2.348	0.030
2.349	0.003
2.350	-0.001
2.351	0.013
2.352	-0.014
2.353	0.002
2.354	0.032
2.355	0.002
2.356	0.007
2.357	0.025
2.358	0.006
2.359	-0.022
2.360	0.042
2.361	0.005
2.362	0.010
2.363	0.008
2.364	0.019
2.365	-0.000
2.366	0.025
2.367	-0.001
2.368	0.025
2.369	0.013
2.370	0.026
2.371	0.003
2.372	-0.009
2.373	-0.022
2.374	-0.015
2.375	-0.023
2.376	-0.002
2.377	0.001
2.378	0.030
2.379	0.008
2.380	-0.005
2.381	-0.022
2.382	0.002
2.383	-0.000
2.384	-0.022
2.385	-0.016
2.386	-0.021
2.387	0.005
2.388	0.004
2.389	0.019
2.390	0.010
2.391	-0.023
2.392	-0.003
2.393	0.013
2.394	0.011
2.395	0.036
2.396	0.028
2.397	-0.002
2.398	0.015
2.399	0.017
2.400	0.027
2.401	0.010
2.402	0.001
2.403	0.007
2.404	-0.008
2.405	0.008
2.406	0.020
2.407	0.015
2.408	0.030
2.409	0.014
2.409	0.009
2.410	0.009
2.411	-0.001
2.412	0.001
2.413	0.019
2.414	0.009
2.415	0.021
2.416	0.004
2.417	-0.003
2.418	0.012
2.419	0.016
2.420	0.010
2.421	-0.001
2.422	0.012
2.423	0.030
2.424	0.025
2.425	0.034
2.426	0.029
2.427	0.015
2.428	0.004
2.429	0.019
2.430	0.009
2.432	0.012
2.433	0.001
2.433	-0.003
2.434	0.006
2.435	-0.014
2.436	-0.004
2.437	0.013
2.438	0.003
2.439	0.014
2.440	0.025
2.441	0.024
2.442	0.025
2.443	0.042
2.445	0.045
2.445	0.035
2.446	0.017
2.447	0.030
2.449	0.018
2.449	0.015
2.450	0.019
2.451	0.022
2.452	0.017
2.454	0.017
2.455	0.014
2.455	0.027
2.456	0.039
2.457	0.038
2.458	0.032
2.459	0.037
2.460	0.022
2.461	0.035
2.462	0.036
2.463	0.035
2.464	0.025
2.466	0.052
2.466	0.052
2.467	0.036
2.468	0.030
2.469	0.035
2.470	0.036
2.471	0.036
2.472	0.051
2.473	0.027
2.474	0.024
2.475	0.046
2.476	0.051
2.477	0.052
2.478	0.049
2.479	0.033
2.480	0.049
2.482	0.051
2.483	0.067
2.483	0.048
2.484	0.046
2.485	0.043
2.486	0.032
2.487	0.027
2.488	0.054
2.489	0.060
2.490	0.053
2.491	0.051
2.492	0.036
2.493	0.040
2.494	0.043
2.495	0.041
2.496	0.030
2.497	0.047
2.498	0.058
2.499	0.066
2.500	0.053
2.501	0.050
2.502	0.052
2.504	0.052
2.504	0.055
2.506	0.067
2.507	0.060
2.508	0.066
2.509	0.053
2.510	0.048
2.511	0.057
2.512	0.040
2.513	0.052
2.514	0.042
2.515	0.047
2.516	0.039
2.517	0.054
2.518	0.066
2.519	0.047
2.520	0.039
2.521	0.062
2.522	0.059
2.523	0.067
2.524	0.062
2.525	0.041
2.526	0.055
2.527	0.067
2.528	0.067
2.529	0.081
2.530	0.057
2.531	0.055
2.532	0.061
2.533	0.057
2.534	0.072
2.535	0.077
2.536	0.081
2.537	0.073
2.538	0.051
2.539	0.057
2.540	0.050
2.541	0.072
2.542	0.058
2.543	0.072
2.544	0.081
2.545	0.078
2.546	0.076
2.547	0.059
2.548	0.051
2.549	0.053
2.550	0.047
2.551	0.073
2.553	0.058
2.553	0.066
2.555	0.095
2.555	0.081
2.556	0.083
2.557	0.052
2.558	0.052
2.559	0.050
2.560	0.067
2.561	0.086
2.562	0.093
2.563	0.112
2.564	0.104
2.565	0.093
2.566	0.073
2.567	0.086
2.568	0.094
2.569	0.103
2.571	0.074
2.571	0.079
2.572	0.068
2.573	0.069
2.574	0.071
2.575	0.057
2.576	0.079
2.577	0.087
2.578	0.073
2.579	0.070
2.580	0.092
2.581	0.063
2.582	0.063
2.583	0.065
2.584	0.072
2.585	0.078
2.586	0.090
2.587	0.078
2.588	0.076
2.589	0.059
2.590	0.067
2.591	0.092
2.592	0.097
2.593	0.065
2.594	0.089
2.595	0.076
2.596	0.096
2.597	0.103
2.598	0.074
2.599	0.077
2.600	0.085
2.601	0.098
2.602	0.103
2.603	0.079
2.604	0.067
2.605	0.062
2.606	0.079
2.607	0.076
2.608	0.088
2.609	0.095
2.610	0.089
2.611	0.090
2.612	0.078
2.613	0.077
2.614	0.076
2.616	0.094
2.616	0.111
2.617	0.080
2.618	0.082
2.619	0.071
2.620	0.072
2.621	0.068
2.622	0.085
2.623	0.100
2.624	0.117
2.625	0.086
2.626	0.071
2.627	0.100
2.627	0.081
2.628	0.095
2.629	0.091
2.630	0.103
2.632	0.088
2.632	0.077
2.633	0.101
2.634	0.087
2.636	0.071
2.637	0.102
2.637	0.115
2.638	0.087
2.639	0.085
2.640	0.091
2.641	0.081
2.643	0.083
2.643	0.100
2.644	0.091
2.645	0.077
2.647	0.085
2.647	0.105
2.648	0.101
2.650	0.084
2.650	0.098
2.651	0.099
2.652	0.129
2.654	0.125
2.655	0.106
2.656	0.109
2.656	0.099
2.657	0.114
2.658	0.083
2.659	0.091
2.660	0.112
2.661	0.111
2.662	0.083
2.663	0.087
2.664	0.095
2.665	0.114
2.666	0.094
2.667	0.082
2.670	0.086
2.670	0.111
2.671	0.100
2.671	0.101
2.672	0.101
2.673	0.112
2.674	0.099
2.675	0.096
2.676	0.097
2.677	0.099
2.678	0.103
2.679	0.091
2.680	0.106
2.681	0.120
2.682	0.109
2.683	0.100
2.684	0.103
2.686	0.097
2.686	0.113
2.687	0.112
2.688	0.110
2.690	0.112
2.691	0.116
2.692	0.113
2.693	0.094
2.694	0.073
2.695	0.081
2.696	0.121
2.697	0.098
2.698	0.094
2.699	0.103
2.700	0.114
2.701	0.101
2.702	0.121
2.703	0.100
2.704	0.102
2.705	0.110
2.706	0.094
2.707	0.117
2.708	0.124
2.709	0.116
2.710	0.088
2.711	0.074
2.712	0.092
2.713	0.092
2.714	0.075
2.715	0.099
2.716	0.097
2.717	0.069
2.718	0.089
2.719	0.089
2.720	0.080
2.721	0.062
2.722	0.097
2.723	0.104
2.724	0.076
2.725	0.112
2.726	0.125
2.727	0.107
2.728	0.096
2.729	0.131
2.730	0.091
2.731	0.097
2.732	0.099
2.733	0.095
2.734	0.075
2.735	0.109
2.736	0.099
2.737	0.102
2.738	0.090
2.739	0.111
2.740	0.104
2.741	0.095
2.742	0.127
2.743	0.104
2.744	0.107
2.745	0.101
2.746	0.105
2.747	0.072
2.748	0.078
2.749	0.110
2.750	0.093
2.751	0.071
2.752	0.070
2.753	0.084
2.755	0.094
2.755	0.091
2.757	0.109
2.757	0.097
2.758	0.105
2.759	0.079
2.760	0.105
2.761	0.105
2.762	0.114
2.763	0.083
2.764	0.079
2.765	0.097
2.766	0.099
2.767	0.066
2.768	0.090
2.769	0.087
2.770	0.073
2.771	0.081
2.772	0.085
2.773	0.088
2.774	0.062
2.775	0.080
2.776	0.063
2.777	0.084
2.778	0.079
2.779	0.080
2.780	0.084
2.781	0.080
2.782	0.071
2.783	0.086
2.784	0.089
2.785	0.077
2.786	0.094
2.787	0.068
2.788	0.059
2.789	0.080
2.790	0.058
2.791	0.067
2.792	0.072
2.793	0.092
2.794	0.070
2.795	0.093
2.796	0.077
2.797	0.067
2.798	0.077
2.799	0.058
2.800	0.077
2.801	0.109
2.802	0.070
2.803	0.074
2.804	0.052
2.805	0.064
2.806	0.052
2.807	0.049
2.808	0.047
2.809	0.035
2.810	0.078
2.811	0.058
2.812	0.032
2.813	0.052
2.814	0.074
2.815	0.040
2.816	0.041
2.817	0.041
2.818	0.028
2.819	0.041
2.820	0.033
2.821	0.069
2.822	0.058
2.823	0.056
2.824	0.056
2.825	0.031
2.826	0.035
2.827	0.054
2.828	0.054
2.829	0.043
2.830	0.034
2.831	0.036
2.832	0.034
2.832	0.044
2.834	0.045
2.835	0.036
2.836	0.027
2.837	0.037
2.838	0.036
2.839	0.016
2.840	0.045
2.841	0.030
2.842	0.036
2.843	0.027
2.844	0.040
2.845	0.057
2.846	0.020
2.847	0.027
2.848	0.032
2.849	0.014
2.850	0.036
2.851	0.030
2.852	0.045
2.853	0.021
2.854	0.029
2.855	0.044
2.856	0.036
2.857	0.011
2.858	0.021
2.859	0.044
2.860	0.053
2.861	0.048
2.862	0.056
2.863	0.057
2.864	0.035
2.865	0.023
2.866	0.021
2.867	0.038
2.868	0.051
2.869	0.030
2.870	0.016
2.871	0.019
2.872	0.025
2.873	0.014
2.874	0.029
2.875	0.023
2.876	0.007
2.877	0.008
2.878	0.004
2.879	0.016
2.880	0.027
2.881	0.046
2.882	0.032
2.883	0.003
2.884	0.029
2.885	0.022
2.886	0.039
2.887	0.023
2.888	0.050
2.889	0.026
2.890	0.004
2.891	0.019
2.892	0.043
2.893	0.035
2.894	-0.008
2.895	-0.010
2.896	-0.004
2.897	-0.009
2.898	0.004
2.899	-0.003
2.900	0.016
2.901	0.021
2.903	0.013
2.903	0.027
2.904	0.022
2.905	0.006
2.906	0.019
2.907	0.015
2.908	0.022
2.909	0.023
2.910	-0.007
2.911	0.007
2.912	0.012
2.912	0.014
2.913	0.020
2.914	0.012
2.916	-0.001
2.916	0.010
2.918	-0.001
2.919	0.004
2.920	0.018
2.921	0.010
2.921	0.022
2.922	0.001
2.923	0.008
2.925	-0.003
2.926	-0.003
2.927	-0.004
2.928	-0.012
2.929	-0.023
2.930	-0.008
2.931	-0.007
2.932	-0.010
2.933	-0.003
2.933	0.016
2.935	0.011
2.936	0.006
2.937	0.015
2.938	0.019
2.939	0.005
2.940	0.021
2.941	-0.000
2.942	0.009
2.943	0.026
2.944	0.019
2.945	0.011
2.946	0.020
2.947	0.004
2.948	-0.017
2.949	0.001
2.950	0.007
2.951	0.014
2.953	0.024
2.953	-0.003
2.954	-0.005
2.955	-0.020
2.956	-0.009
2.957	0.006
2.958	0.014
2.959	0.019
2.960	0.020
2.961	0.011
2.962	0.020
2.963	-0.010
2.964	0.007
2.965	0.007
2.966	0.014
2.967	0.014
2.968	0.019
2.969	0.014
2.971	0.019
2.971	0.002
2.972	-0.002
2.973	-0.002
2.974	-0.004
2.975	0.014
2.976	0.003
2.977	0.005
2.978	0.012
2.979	0.011
2.980	0.027
2.981	0.003
2.982	0.014
2.983	-0.016
2.984	0.008
2.985	-0.008
2.986	0.023
2.987	0.002
2.988	-0.011
2.989	0.018
2.990	0.018
2.991	0.021
2.992	0.033
2.993	0.005
2.994	0.004
2.995	0.007
2.996	0.014
2.997	-0.006
2.998	0.008
2.999	-0.016
3.000	0.001
3.001	0.003
3.002	0.026
3.003	0.010
3.004	-0.009
3.005	0.009
3.006	0.013
3.007	0.000
3.008	-0.013
3.009	-0.023
3.010	-0.012
3.011	0.016
3.012	0.011
3.013	0.007
3.014	0.034
3.015	0.031
3.016	0.003
3.017	-0.005
3.018	-0.011
3.019	-0.017
3.020	0.001
3.021	0.016
3.022	0.043
3.023	0.006
3.024	-0.003
3.025	0.007
3.026	0.010
3.027	0.014
3.028	0.002
3.029	0.020
3.030	0.040
3.031	0.012
3.032	0.007
3.033	-0.002
3.034	-0.001
3.035	0.007
3.036	0.008
3.037	-0.013
3.038	-0.023
3.039	0.001
3.040	0.002
3.041	0.005
3.042	-0.016
3.043	0.001
3.044	-0.000
3.045	-0.005
3.046	0.002
3.047	0.001
3.048	0.006
3.049	-0.001
3.050	-0.009
3.051	-0.005
3.052	0.004
3.053	0.023
3.054	-0.001
3.055	-0.005
3.056	0.010
3.057	0.007
3.058	-0.002
3.059	0.017
3.060	0.014
3.061	0.022
3.062	0.027
3.063	-0.009
3.064	0.009
3.065	0.001
3.066	0.008
3.067	-0.003
3.068	-0.007
3.069	0.011
3.070	0.030
3.071	0.006
3.072	0.012
3.073	-0.003
3.074	-0.009
3.075	-0.008
3.076	0.019
3.077	0.010
3.078	0.029
3.079	0.037
3.080	0.020
3.081	-0.001
3.082	0.003
3.083	-0.013
3.084	0.008
3.085	-0.012
3.086	-0.013
3.087	-0.003
3.088	0.028
3.089	0.014
3.090	0.036
3.091	0.028
3.092	0.017
3.093	0.024
3.094	0.015
3.095	0.022
3.096	0.016
3.097	0.006
3.098	-0.019
3.099	0.004
3.100	0.004
3.101	-0.005
3.102	0.009
3.103	0.005
3.104	-0.006
3.105	-0.013
3.106	0.003
3.107	-0.014
3.108	0.007
3.109	0.020
3.110	0.005
3.111	0.011
3.112	-0.008
3.113	-0.014
3.114	0.009
3.115	0.035
3.116	0.021
3.117	0.015
3.118	0.013
3.119	0.008
3.120	0.025
3.121	0.026
3.122	0.003
3.123	0.030
3.124	0.023
3.125	0.010
3.126	0.006
3.127	0.005
3.128	-0.032
3.129	-0.037
3.130	-0.012
3.131	-0.001
3.132	0.007
3.133	-0.001
3.134	-0.007
3.135	0.003
3.136	0.005
3.137	0.010
3.138	0.034
3.139	0.015
3.140	0.013
3.141	-0.007
3.142	-0.008
3.143	0.015
3.144	0.017
3.145	0.030
3.146	0.011
3.147	0.001
3.148	0.036
3.149	0.005
3.150	0.040
3.151	0.009
3.152	0.017
3.153	-0.001
3.154	0.017
3.155	0.005
3.156	0.012
3.157	-0.015
3.158	0.017
3.159	0.011
3.160	0.016
3.161	-0.016
3.162	0.010
3.163	0.003
3.164	0.019
3.165	0.014
3.166	0.017
3.167	0.022
3.168	-0.005
3.169	0.015
3.170	0.017
3.171	0.015
3.172	0.039
3.173	0.006
3.174	0.003
3.175	0.003
3.176	-0.002
3.177	-0.020
3.178	-0.035
3.179	-0.004
3.180	0.008
3.181	0.011
3.182	0.024
3.183	0.019
3.184	0.002
3.185	0.021
3.186	0.039
3.187	0.004
3.188	0.002
3.189	-0.002
3.190	-0.003
3.191	0.017
3.192	0.007
3.193	0.014
3.194	0.005
3.195	0.022
3.196	-0.003
3.197	-0.001
3.198	-0.022
3.199	-0.009
3.200	-0.004
3.201	0.011
3.203	0.018
3.203	0.016
3.204	0.014
3.205	-0.009
3.206	0.051
3.207	0.052
3.208	0.033
3.209	0.016
3.210	0.017
3.211	0.028
3.212	0.006
3.213	0.003
3.214	0.028
3.215	0.030
3.216	-0.001
3.217	-0.004
3.218	-0.018
3.219	0.001
3.220	0.006
3.221	0.002
3.222	0.006
3.223	0.002
3.224	-0.003
3.225	-0.001
3.226	0.015
3.227	-0.009
3.228	-0.024
3.229	0.011
3.230	-0.000
3.231	0.011
3.232	0.025
3.233	-0.005
3.234	0.013
3.235	0.005
3.236	0.055
3.237	0.033
3.238	0.037
3.239	0.002
3.240	0.015
3.241	0.007
3.242	0.020
3.243	0.040
3.244	0.011
3.245	0.051
3.246	0.019
3.247	0.041
3.248	0.025
3.249	0.005
3.250	-0.008
3.251	0.013
3.252	0.025
3.253	-0.002
3.254	-0.004
3.255	0.010
3.256	0.025
3.257	0.011
3.258	0.002
3.259	-0.004
3.260	-0.010
3.261	0.006
3.262	0.029
3.263	0.012
3.264	-0.017
3.265	0.023
3.266	0.019
3.267	-0.002
3.268	-0.010
3.269	-0.013
3.270	-0.010
3.271	-0.022
3.272	-0.000
3.273	0.003
3.274	0.006
3.275	0.015
3.276	0.011
3.277	0.018
3.278	0.018
3.279	-0.004
3.280	0.023
3.281	0.026
3.282	0.033
3.283	0.029
3.284	0.037
3.285	0.021
3.286	0.020
3.287	0.047
3.288	0.033
3.289	0.041
3.290	0.002
3.291	0.010
3.292	0.013
3.293	-0.003
3.294	0.007
3.295	0.021
3.296	0.017
3.297	-0.012
3.298	-0.024
3.299	0.009
3.300	0.045
3.301	0.020
3.303	0.037
3.303	0.042
3.304	0.003
3.305	0.023
3.306	0.019
3.307	-0.007
3.308	0.016
3.309	0.039
3.310	0.031
3.311	0.014
3.312	-0.004
3.313	0.037
3.314	0.031
3.315	0.035
3.316	0.027
3.317	0.018
3.318	0.009
3.319	-0.003
3.320	0.017
3.321	0.023
3.322	0.012
3.323	0.003
3.324	0.023
3.325	-0.002
3.326	-0.007
3.327	-0.011
3.328	-0.016
3.329	-0.015
3.330	0.023
3.331	-0.000
3.332	0.030
3.333	0.014
3.334	0.015
3.335	0.001
3.336	0.022
3.337	0.007
3.338	0.011
3.339	0.037
3.340	0.055
3.341	0.025
3.342	0.010
3.343	0.036
3.344	0.025
3.345	0.009
3.346	-0.001
3.347	-0.007
3.348	-0.026
3.349	0.012
3.350	0.010
3.351	0.014
3.352	-0.002
3.353	0.023
3.354	0.040
3.355	0.042
3.356	0.043
3.357	0.027
3.358	0.018
3.359	0.013
3.360	0.019
3.361	0.015
3.362	0.024
3.363	0.010
3.364	0.010
3.365	0.018
3.366	0.019
3.367	0.009
3.368	0.005
3.369	0.013
3.371	0.013
3.371	-0.007
3.372	0.005
3.373	0.009
3.374	0.009
3.375	-0.004
3.376	-0.016
3.377	-0.031
3.378	-0.032
3.379	-0.016
3.380	-0.014
3.381	-0.024
3.382	-0.009
3.383	-0.003
3.384	-0.000
3.385	0.029
3.386	0.018
3.387	0.049
3.388	0.034
3.389	0.042
3.390	0.005
3.391	0.018
3.392	0.016
3.393	0.011
3.394	-0.001
3.395	-0.015
3.396	-0.016
3.397	0.012
3.398	0.018
3.399	0.035
3.400	0.026
3.401	0.040
3.402	-0.004
3.403	-0.002
3.404	0.028
3.405	0.022
3.406	0.008
3.407	0.025
3.408	0.029
3.409	-0.012
3.410	-0.005
3.411	-0.017
3.412	-0.020
3.413	-0.035
3.414	-0.005
3.415	0.020
3.416	0.035
3.417	0.001
3.418	0.006
3.419	-0.004
3.421	-0.001
3.421	0.019
3.422	0.005
3.423	0.028
3.424	0.008
3.425	0.004
3.426	0.017
3.427	0.042
3.428	0.026
3.429	0.001
3.430	-0.013
3.431	0.032
3.432	0.028
3.433	0.006
3.434	0.033
3.435	0.020
3.436	0.036
3.437	0.006
3.438	0.010
3.439	-0.020
3.440	0.020
3.441	0.022
3.442	0.019
3.443	-0.001
3.444	0.016
3.445	0.016
3.446	0.019
3.447	0.024
3.448	0.010
3.449	0.024
3.450	0.031
3.451	0.029
3.452	0.008
3.453	-0.005
3.454	-0.002
3.455	0.005
3.456	0.014
3.457	0.028
3.458	0.026
3.459	-0.015
3.460	0.006
3.461	-0.022
3.462	-0.002
3.463	0.026
3.464	0.021
3.465	0.003
3.466	0.016
3.467	0.018
3.468	-0.015
3.469	0.002
3.471	-0.023
3.471	0.002
3.472	0.000
3.473	-0.009
3.474	0.027
3.475	0.001
3.476	0.015
3.477	0.040
3.478	-0.005
3.479	-0.006
3.480	0.009
3.481	0.020
3.482	0.013
3.483	0.022
3.484	0.003
3.485	0.020
3.486	0.037
3.487	0.015
3.488	0.029
3.489	-0.005
3.490	0.003
3.491	0.016
3.492	0.004
3.493	0.006
3.494	0.017
3.495	-0.005
3.496	0.000
3.497	-0.023
3.498	-0.009
3.499	-0.018
3.500	-0.008
3.501	-0.032
3.502	-0.026
3.503	-0.010
3.504	-0.029
3.505	-0.022
3.506	0.014
3.507	-0.010
3.508	0.003
3.509	-0.002
3.510	0.020
3.511	0.011
3.512	-0.008
3.513	0.006
3.514	0.005
3.515	0.013
3.516	0.019
3.517	0.011
3.518	0.011
3.519	0.011
3.521	0.028
3.521	0.017
3.522	0.022
3.523	0.010
3.524	0.007
3.525	-0.003
3.526	-0.017
3.527	-0.005
3.528	-0.020
3.529	-0.014
3.530	0.007
3.531	-0.005
3.532	-0.022
3.533	0.031
3.534	0.031
3.535	-0.011
3.536	0.008
3.537	0.013
3.538	0.018
3.539	0.034
3.540	0.030
3.541	-0.002
3.542	-0.003
3.543	-0.019
3.544	0.000
3.545	0.039
3.546	0.039
3.547	-0.006
3.548	0.008
3.549	0.010
3.550	-0.003
3.551	-0.010
3.552	0.006
3.553	0.009
3.554	0.011
3.555	0.008
3.556	-0.026
3.557	0.003
3.558	-0.038
3.559	0.010
3.560	-0.005
3.561	0.027
3.562	0.026
3.563	0.021
3.564	-0.006
3.565	0.012
3.566	-0.006
3.567	-0.001
3.568	-0.016
3.569	-0.029
3.570	-0.033
3.571	-0.039
3.572	-0.025
3.573	-0.024
3.574	-0.031
3.575	-0.027
3.576	0.006
3.577	0.039
3.578	-0.008
3.579	0.008
3.580	0.012
3.581	0.008
3.582	0.004
3.583	0.006
3.584	0.013
3.585	0.029
3.586	0.003
3.587	0.006
3.588	0.021
3.589	0.015
3.590	0.017
3.591	-0.019
3.592	0.008
3.593	-0.013
3.594	0.020
3.595	0.004
3.596	0.007
3.597	0.016
3.598	-0.009
3.599	-0.041
3.600	0.001
3.601	0.013
3.602	0.011
3.603	0.019
3.604	0.007
3.605	-0.024
3.606	0.003
3.607	0.001
3.608	0.025
3.609	0.003
3.610	-0.001
3.611	-0.013
3.612	-0.025
3.613	0.022
3.614	-0.006
3.615	0.002
3.616	0.030
3.617	0.028
3.618	0.009
3.619	0.017
3.620	0.018
3.621	0.027
3.622	0.014
3.623	0.013
3.624	0.030
3.625	0.034
3.626	0.016
3.627	0.008
3.628	-0.001
3.629	0.033
3.630	0.033
3.631	0.003
3.632	0.019
3.633	0.030
3.634	0.024
3.635	0.009
3.636	-0.013
3.637	0.043
3.638	0.020
3.639	0.015
3.640	-0.001
3.641	-0.006
3.642	-0.015
3.643	0.019
3.644	0.007
3.645	0.016
3.646	0.012
3.647	0.027
3.648	0.004
3.649	0.034
3.650	0.002
3.651	-0.028
3.652	-0.003
3.653	0.005
3.654	-0.022
3.655	-0.032
3.656	-0.019
3.657	-0.016
3.658	-0.005
3.659	-0.011
3.660	-0.010
3.661	0.028
3.662	0.048
3.663	0.035
3.664	0.009
3.665	0.011
3.666	-0.001
3.667	0.006
3.668	0.015
3.670	-0.003
3.670	0.018
3.671	-0.007
3.672	0.004
3.673	-0.015
3.674	-0.004
3.675	0.015
3.676	0.011
3.677	0.008
3.678	0.028
3.679	0.014
3.680	0.013
3.681	-0.019
3.682	0.029
3.683	0.046
3.684	-0.003
3.685	0.007
3.687	0.018
3.687	0.024
3.688	0.011
3.689	0.027
3.690	0.042
3.691	0.042
3.692	0.004
3.693	0.015
3.694	-0.008
3.695	-0.004
3.696	0.002
3.697	0.013
3.698	0.018
3.699	0.051
3.700	0.016
3.701	0.003
3.703	0.030
3.703	0.010
3.704	-0.020
3.705	-0.016
3.706	-0.035
3.707	-0.016
3.708	-0.011
3.709	-0.004
3.710	0.007
3.711	-0.021
3.712	0.028
3.713	-0.017
3.714	0.007
3.715	0.007
3.716	-0.005
3.717	0.005
3.718	0.000
3.719	0.007
3.720	0.011
3.721	0.018
3.722	0.003
3.723	-0.005
3.724	-0.016
3.725	-0.018
3.726	0.021
3.727	0.004
3.728	0.013
3.729	0.009
3.730	0.005
3.731	0.007
3.732	-0.007
3.733	-0.001
3.734	-0.019
3.735	-0.027
3.736	0.005
3.737	-0.011
3.738	0.013
3.739	0.021
3.740	0.000
3.741	-0.005
3.742	0.003
3.743	0.006
3.744	-0.020
3.745	-0.011
3.746	0.024
3.747	0.016
3.748	0.035
3.749	0.005
3.750	0.034
3.751	0.018
3.752	0.024
3.754	0.022
3.754	-0.012
3.755	0.009
3.756	-0.017
3.757	-0.022
3.758	-0.009
3.759	0.009
3.760	0.004
3.761	0.016
3.762	-0.008
3.763	0.008
3.764	0.009
3.765	0.014
3.766	-0.008
3.767	0.010
3.768	0.006
3.769	0.016
3.770	0.017
3.771	0.005
3.772	0.019
3.773	0.007
3.774	0.014
3.775	0.009
3.776	0.007
3.777	-0.001
3.778	0.025
3.779	0.001
3.780	-0.011
3.781	0.006
3.782	-0.011
3.783	-0.003
3.784	0.023
3.785	0.014
3.787	-0.002
3.787	0.002
3.788	0.004
3.789	0.002
3.790	-0.010
3.791	-0.010
3.792	0.017
3.793	0.002
3.794	0.029
3.795	0.026
3.796	0.010
3.797	0.035
3.798	0.015
3.799	-0.004
3.800	-0.007
3.801	0.001
3.802	0.010
3.803	0.002
3.804	0.003
3.805	0.008
3.806	0.010
3.807	0.016
3.808	-0.012
3.809	0.002
3.810	-0.014
3.811	-0.014
3.812	0.002
3.813	0.034
3.814	0.001
3.815	0.003
3.816	-0.001
3.817	0.013
3.818	0.010
3.819	0.002
3.820	-0.000
3.821	0.005
3.822	0.005
3.823	0.007
3.824	0.016
3.825	0.026
3.826	0.010
3.827	0.008
3.828	-0.003
3.829	0.010
3.830	-0.011
3.831	0.003
3.832	0.000
3.833	0.017
3.834	-0.001
3.835	0.019
3.836	0.012
3.837	-0.003
3.838	0.019
3.839	0.003
3.840	0.000
3.841	0.004
3.842	-0.018
3.843	0.003
3.844	0.014
3.845	-0.004
3.846	-0.003
3.847	0.005
3.848	0.013
3.849	0.010
3.850	0.006
3.851	-0.014
3.852	0.027
3.853	0.017
3.854	-0.008
3.855	-0.001
3.856	0.002
3.857	-0.003
3.858	-0.005
3.859	0.017
3.860	0.001
3.861	0.014
3.862	-0.001
3.863	0.001
3.864	-0.012
3.866	-0.021
3.866	-0.009
3.867	0.012
3.868	0.007
3.869	0.015
3.870	0.012
3.871	0.020
3.872	0.046
3.873	0.028
3.874	0.035
3.875	0.050
3.876	0.030
3.877	-0.000
3.878	0.006
3.879	0.009
3.880	-0.013
3.881	-0.004
3.882	0.016
3.883	0.000
3.884	-0.018
3.885	-0.001
3.887	-0.003
3.887	-0.016
3.888	-0.023
3.889	-0.031
3.890	-0.015
3.891	0.014
3.892	0.012
3.893	-0.008
3.894	-0.000
3.895	-0.013
3.896	-0.008
3.897	0.015
3.898	-0.011
3.899	-0.018
3.900	-0.009
3.901	-0.017
3.902	-0.013
3.903	0.023
3.904	0.001
3.905	-0.006
3.906	-0.002
3.907	-0.005
3.908	-0.027
3.909	0.001
3.910	0.004
3.911	0.013
3.912	0.015
3.913	0.030
3.914	0.032
3.915	0.028
3.916	0.034
3.917	0.027
3.919	0.030
3.919	0.020
3.920	0.025
3.921	-0.008
3.922	-0.009
3.923	0.013
3.924	-0.010
3.925	0.027
3.926	0.019
3.927	0.007
3.928	0.016
3.929	0.012
3.930	0.003
3.931	0.034
3.932	0.008
3.933	0.007
3.934	0.006
3.935	0.020
3.937	0.031
3.938	0.047
3.938	0.030
3.939	0.004
3.940	-0.005
3.941	-0.014
3.942	-0.014
3.943	-0.022
3.944	-0.016
3.945	-0.012
3.946	0.026
3.947	0.010
3.948	0.004
3.949	-0.011
3.950	-0.006
3.951	0.024
3.952	-0.001
3.953	-0.006
3.954	0.028
3.955	0.010
3.956	0.053
3.957	0.041
3.958	0.025
3.959	0.026
3.960	0.031
3.961	0.031
3.962	0.022
3.963	0.026
3.964	0.038
3.965	0.005
3.966	0.002
3.967	-0.016
3.968	0.012
3.970	0.026
3.971	0.022
3.971	-0.011
3.972	-0.001
3.973	-0.018
3.974	-0.022
3.975	0.011
3.976	0.005
3.977	-0.001
3.978	0.018
3.979	0.012
3.980	0.000
3.981	0.021
3.982	0.021
3.983	0.018
3.984	-0.014
3.985	0.004
3.986	0.006
3.988	0.009
3.988	0.013
3.989	-0.011
3.990	-0.006
3.991	0.019
3.992	0.001
3.993	0.002
3.994	-0.014
3.995	-0.011
3.996	0.012
3.997	0.020
3.998	0.024
3.999	0.007
4.000	0.021
4.001	0.004
4.002	0.008
4.003	-0.010
4.004	0.001
4.005	0.010
4.006	0.030
4.007	-0.000
4.008	-0.007
4.009	0.020
4.010	-0.007
4.011	-0.004
4.012	-0.015
4.013	-0.022
4.014	0.012
4.015	0.004
4.016	-0.003
4.017	0.002
4.018	0.002
4.020	-0.008
4.021	0.017
4.021	0.007
4.022	0.025
4.023	0.048
4.024	0.025
4.025	-0.010
4.026	-0.012
4.027	-0.025
4.028	0.029
4.029	0.031
4.030	0.022
4.031	0.007
4.032	0.021
4.033	-0.006
4.034	-0.020
4.035	-0.001
4.036	-0.021
4.038	-0.004
4.039	0.009
4.039	0.010
4.040	0.006
4.041	0.002
4.042	0.009
4.043	-0.009
4.044	0.008
4.045	0.010
4.046	0.005
4.047	0.019
4.048	-0.006
4.049	0.022
4.050	0.017
4.051	0.012
4.052	0.014
4.053	0.019
4.054	0.021
4.055	0.021
4.056	0.034
4.057	0.018
4.058	0.005
4.059	0.027
4.060	-0.004
4.061	0.001
4.062	-0.006
4.063	-0.002
4.064	0.011
4.065	0.037
4.066	0.009
4.067	-0.009
4.068	-0.035
4.070	-0.005
4.071	0.009
4.071	0.013
4.072	0.019
4.073	0.021
4.074	0.038
4.075	0.036
4.076	0.012
4.077	0.016
4.078	-0.011
4.079	0.006
4.080	0.017
4.081	0.001
4.082	0.040
4.083	-0.014
4.084	0.016
4.085	0.008
4.086	-0.000
4.088	-0.010
4.088	0.013
4.089	-0.023
4.090	-0.004
4.091	0.000
4.092	0.011
4.093	0.002
4.094	-0.010
4.095	0.019
4.096	0.014
4.097	0.003
4.098	-0.006
4.099	0.024
4.100	-0.004
4.101	-0.004
4.102	-0.010
4.103	0.016
4.104	-0.013
4.105	-0.028
4.106	-0.015
4.107	-0.016
4.108	-0.008
4.109	0.030
4.110	-0.003
4.111	0.003
4.112	-0.008
4.113	-0.010
4.114	-0.010
4.115	-0.009
4.116	0.001
4.117	0.006
4.118	0.013
4.120	0.006
4.120	0.003
4.121	0.007
4.122	0.010
4.123	0.023
4.124	-0.013
4.125	-0.018
4.126	0.010
4.127	0.030
4.128	0.044
4.129	0.027
4.130	-0.014
4.131	-0.009
4.132	0.019
4.133	0.004
4.134	0.008
4.135	-0.006
4.137	-0.027
4.138	-0.028
4.138	-0.007
4.139	0.021
4.140	0.012
4.141	-0.007
4.142	0.026
4.143	0.016
4.144	-0.011
4.145	-0.016
4.146	-0.004
4.147	0.039
4.148	-0.004
4.149	-0.002
4.150	0.020
4.151	0.028
4.152	0.008
4.153	0.000
4.154	0.022
4.155	0.016
4.156	0.010
4.157	0.016
4.158	0.022
4.159	0.031
4.160	0.010
4.161	0.040
4.162	0.036
4.163	0.026
4.164	0.018
4.165	0.023
4.167	0.017
4.167	0.002
4.168	0.019
4.169	0.020
4.170	0.037
4.171	0.007
4.172	0.029
4.173	0.026
4.174	0.025
4.175	0.002
4.176	0.012
4.177	-0.016
4.178	0.025
4.179	0.005
4.180	0.011
4.181	0.001
4.182	0.017
4.183	-0.008
4.184	-0.012
4.185	0.012
4.187	-0.003
4.188	-0.013
4.188	-0.013
4.189	0.000
4.190	0.010
4.191	0.006
4.192	-0.003
4.193	-0.013
4.194	-0.001
4.195	0.016
4.196	-0.007
4.197	-0.016
4.198	0.005
4.199	0.007
4.200	0.025
4.201	0.020
4.202	0.004
4.203	0.020
4.204	0.011
4.205	-0.011
4.206	-0.012
4.207	-0.003
4.208	-0.006
4.209	-0.000
4.210	0.027
4.211	0.008
4.212	0.029
4.213	0.028
4.214	-0.010
4.215	0.003
4.216	0.002
4.217	0.017
4.218	-0.004
4.220	0.025
4.220	0.007
4.221	0.033
4.222	0.030
4.223	0.010
4.224	0.045
4.225	0.010
4.226	0.005
4.227	0.007
4.228	0.005
4.229	0.012
4.230	0.028
4.232	-0.024
4.232	-0.018
4.233	0.007
4.234	0.019
4.235	0.030
4.236	0.022
4.238	-0.002
4.238	-0.011
4.239	-0.006
4.240	0.008
4.241	0.019
4.242	0.006
4.243	-0.000
4.244	0.001
4.245	0.009
4.246	-0.004
4.247	0.016
4.248	0.008
4.249	-0.003
4.250	0.007
4.251	0.013
4.252	0.029
4.253	0.013
4.254	0.006
4.255	-0.005
4.256	-0.022
4.257	0.004
4.258	0.005
4.259	-0.002
4.260	-0.002
4.261	0.005
4.262	0.002
4.263	0.011
4.264	0.010
4.265	0.007
4.266	0.005
4.267	0.022
4.268	0.016
4.270	0.005
4.270	0.001
4.271	0.006
4.272	0.011
4.273	0.012
4.274	0.009
4.275	0.002
4.276	0.025
4.277	0.035
4.278	0.009
4.279	-0.001
4.280	0.005
4.281	0.027
4.282	0.006
4.283	0.012
4.284	0.007
4.285	0.001
4.286	0.012
4.288	0.001
4.288	0.014
4.289	0.017
4.290	-0.001
4.291	0.011
4.292	-0.004
4.293	-0.013
4.294	-0.019
4.295	0.010
4.296	0.009
4.297	0.011
4.298	0.006
4.299	0.002
4.300	0.012
4.301	0.016
4.302	0.013
4.303	0.018
4.304	-0.016
4.305	0.019
4.306	0.003
4.307	-0.003
4.308	0.010
4.309	-0.004
4.310	0.001
4.311	-0.013
4.312	0.002
4.313	0.003
4.314	0.007
4.315	0.030
4.317	0.031
4.317	0.038
4.318	0.010
4.319	0.022
4.320	-0.016
4.321	0.008
4.322	0.012
4.323	0.014
4.324	0.026
4.325	-0.005
4.326	0.017
4.327	-0.006
4.328	-0.011
4.329	0.006
4.330	0.010
4.331	0.006
4.332	-0.003
4.333	-0.006
4.334	0.022
4.335	0.004
4.336	0.013
4.338	0.014
4.338	0.010
4.339	0.003
4.340	0.031
4.341	0.015
4.342	-0.006
4.343	-0.009
4.344	0.024
4.345	0.042
4.346	0.032
4.347	0.008
4.348	-0.014
4.349	-0.016
4.350	-0.008
4.351	0.018
4.352	0.026
4.353	-0.003
4.354	0.048
4.355	0.035
4.356	-0.009
4.357	0.010
4.358	0.017
4.359	0.006
4.360	0.018
4.361	0.023
4.362	0.001
4.363	0.023
4.364	-0.004
4.365	0.006
4.366	-0.013
4.367	0.003
4.368	0.023
4.369	-0.003
4.371	-0.029
4.371	-0.012
4.372	0.006
4.373	-0.007
4.374	0.015
4.375	0.001
4.376	0.023
4.377	0.003
4.378	0.004
4.379	0.003
4.380	0.013
4.381	0.002
4.382	-0.008
4.383	-0.004
4.384	0.001
4.385	0.020
4.387	0.006
4.387	0.011
4.388	0.015
4.389	0.008
4.390	0.005
4.391	0.013
4.392	-0.006
4.393	0.009
4.394	0.014
4.395	0.019
4.396	0.013
4.397	0.009
4.398	0.015
4.399	-0.014
4.400	-0.008
4.401	-0.009
4.402	0.006
4.403	0.019
4.404	-0.001
4.405	0.004
4.406	0.015
4.407	0.003
4.408	-0.014
4.409	-0.011
4.410	0.003
4.411	0.015
4.412	0.016
4.413	0.021
4.414	0.036
4.415	0.044
4.416	0.026
4.419	0.033
4.420	0.029
4.420	0.003
4.420	-0.013
4.421	0.002
4.422	0.005
4.423	0.014
4.424	0.033
4.425	0.024
4.426	0.009
4.427	-0.008
4.428	0.025
4.429	0.026
4.430	0.003
4.431	0.006
4.432	0.014
4.433	0.022
4.434	0.002
4.435	0.023
4.436	0.004
4.438	0.014
4.439	0.006
4.439	0.002
4.440	-0.012
4.441	-0.001
4.442	-0.006
4.443	0.011
4.444	0.018
4.445	0.024
4.446	-0.009
4.447	0.017
4.448	0.004
4.449	-0.019
4.450	-0.014
4.451	0.013
4.452	0.007
4.453	0.028
4.454	0.023
4.455	0.036
4.456	0.041
4.457	0.033
4.458	0.044
4.459	0.009
4.460	0.027
4.461	0.021
4.462	0.025
4.463	0.031
4.465	-0.002
4.465	0.004
4.466	-0.011
4.467	0.005
4.468	0.010
4.471	0.010
4.471	0.006
4.471	0.012
4.472	-0.027
4.473	0.011
4.474	0.036
4.475	0.009
4.476	-0.013
4.477	-0.020
4.478	-0.022
4.479	-0.023
4.480	-0.005
4.482	-0.010
4.482	0.006
4.483	0.020
4.484	0.004
4.485	0.013
4.486	0.005
4.488	-0.009
4.488	-0.014
4.489	-0.028
4.490	-0.020
4.491	0.007
4.492	0.018
4.493	0.020
4.494	0.019
4.495	0.005
4.496	-0.002
4.497	0.010
4.499	0.018
4.499	-0.015
4.500	0.001
4.501	0.002
4.502	0.010
4.504	-0.021
4.504	0.011
4.505	0.012
4.506	0.035
4.507	0.030
4.508	0.021
4.509	-0.006
4.510	-0.000
4.511	-0.006
4.512	-0.001
4.513	0.022
4.514	0.009
4.515	0.012
4.516	0.011
4.517	0.044
4.518	0.000
4.519	-0.027
4.520	-0.022
4.521	-0.036
4.522	-0.008
4.523	0.014
4.524	-0.004
4.525	-0.008
4.526	-0.024
4.527	0.006
4.528	-0.021
4.529	-0.019
4.530	0.004
4.531	0.010
4.532	-0.008
4.533	-0.004
4.534	0.000
4.536	-0.011
4.537	-0.003
4.537	0.007
4.538	0.008
4.539	-0.030
4.540	-0.042
4.541	-0.032
4.542	0.006
4.543	0.001
4.544	-0.003
4.545	0.025
4.546	0.010
4.547	0.010
4.548	0.011
4.549	0.006
4.550	0.004
4.551	0.008
4.552	0.024
4.554	0.003
4.555	0.029
4.555	0.024
4.556	0.025
4.557	0.003
4.558	-0.018
4.559	-0.001
4.560	0.016
4.561	-0.015
4.562	-0.042
4.563	-0.024
4.564	-0.047
4.565	-0.033
4.566	0.019
4.567	0.007
4.568	-0.007
4.569	-0.014
4.570	0.012
4.571	0.038
4.572	0.013
4.573	0.001
4.574	0.008
4.575	0.008
4.576	0.020
4.577	0.012
4.578	0.018
4.579	-0.014
4.580	0.004
4.581	0.004
4.583	-0.003
4.583	0.011
4.584	0.006
4.586	-0.029
4.587	0.014
4.589	0.005
4.589	0.002
4.589	0.017
4.590	0.010
4.591	0.030
4.592	0.018
4.593	0.015
4.594	-0.009
4.595	-0.008
4.596	-0.010
4.598	-0.006
4.598	0.001
4.599	0.011
4.600	0.011
4.601	-0.002
4.602	0.029
4.604	0.013
4.605	0.008
4.605	0.032
4.606	0.029
4.607	0.013
4.608	-0.004
4.609	-0.028
4.610	0.014
4.611	0.029
4.612	0.018
4.613	0.036
4.614	-0.013
4.616	-0.016
4.616	-0.026
4.617	0.028
4.618	0.036
4.619	0.045
4.620	0.042
4.621	0.019
4.622	0.003
4.623	0.016
4.624	0.006
4.625	0.010
4.626	0.016
4.627	0.019
4.628	0.013
4.629	0.020
4.630	0.016
4.631	-0.005
4.633	-0.009
4.633	0.040
4.634	0.016
4.635	0.020
4.637	0.003
4.637	0.014
4.638	0.013
4.639	0.002
4.640	0.004
4.641	0.000
4.642	0.005
4.643	-0.020
4.644	0.001
4.645	0.000
4.646	0.003
4.647	0.021
4.648	0.019
4.649	-0.008
4.650	-0.005
4.651	0.001
4.653	-0.011
4.654	-0.016
4.655	-0.030
4.656	-0.013
4.656	0.001
4.657	0.011
4.658	0.047
4.659	0.027
4.660	0.021
4.661	0.016
4.662	0.019
4.663	0.031
4.664	0.017
4.665	0.015
4.666	0.014
4.667	0.016
4.668	0.013
4.669	0.023
4.670	0.017
4.671	0.014
4.672	0.025
4.673	0.023
4.674	0.021
4.675	0.000
4.676	0.004
4.677	-0.018
4.678	-0.010
4.679	0.001
4.680	0.006
4.681	0.026
4.683	0.043
4.683	0.019
4.684	-0.011
4.685	0.022
4.687	0.004
4.688	0.003
4.688	-0.011
4.689	0.009
4.690	0.009
4.691	0.024
4.692	0.013
4.693	0.006
4.694	0.001
4.695	0.005
4.696	0.018
4.697	0.005
4.699	0.005
4.699	-0.007
4.700	0.002
4.701	0.022
4.702	0.032
4.704	-0.012
4.705	0.007
4.705	-0.019
4.706	-0.028
4.707	-0.018
4.708	-0.024
4.709	0.002
4.710	0.002
4.711	0.005
4.712	-0.017
4.713	-0.011
4.714	-0.002
4.715	-0.007
4.717	-0.009
4.717	-0.004
4.718	0.019
4.719	0.034
4.720	0.016
4.721	0.014
4.722	0.042
4.723	0.007
4.724	0.011
4.725	-0.000
4.726	0.009
4.727	-0.012
4.728	0.001
4.729	-0.013
4.731	-0.009
4.731	-0.003
4.733	-0.018
4.734	-0.009
4.734	-0.014
4.735	-0.004
4.736	0.008
4.737	0.002
4.738	0.019
4.739	-0.004
4.740	-0.017
4.741	-0.014
4.742	0.017
4.743	-0.001
4.744	0.029
4.745	0.006
4.746	0.001
4.747	-0.010
4.748	-0.012
4.749	-0.004
4.750	0.005
4.751	0.024
4.753	-0.004
4.753	0.009
4.754	-0.007
4.755	-0.022
4.756	0.002
4.757	0.010
4.758	0.009
4.759	0.003
4.760	-0.007
4.761	-0.017
4.762	-0.007
4.764	-0.012
4.764	-0.029
4.766	-0.002
4.766	0.023
4.767	0.002
4.768	0.011
4.769	-0.006
4.771	0.027
4.772	0.030
4.772	0.002
4.773	-0.012
4.774	0.014
4.775	-0.001
4.776	-0.005
4.777	0.014
4.778	0.020
4.779	0.046
4.780	0.021
4.781	0.003
4.783	0.014
4.783	0.017
4.784	0.035
4.785	-0.007
4.786	-0.018
4.788	-0.020
4.788	-0.026
4.789	-0.005
4.790	0.014
4.791	0.018
4.792	0.036
4.793	0.005
4.794	0.007
4.795	-0.002
4.796	-0.018
4.797	-0.017
4.798	0.006
4.799	0.018
4.801	-0.007
4.801	0.001
4.802	0.010
4.804	-0.006
4.804	-0.009
4.806	-0.034
4.806	-0.015
4.807	0.018
4.808	0.046
4.809	0.024
4.810	0.015
4.811	-0.014
4.812	0.016
4.813	0.051
4.814	0.040
4.816	-0.012
4.817	-0.022
4.817	-0.019
4.818	-0.017
4.819	0.008
4.821	0.039
4.822	0.037
4.822	0.025
4.823	0.014
4.824	-0.009
4.825	0.014
4.826	0.046
4.827	0.008
4.828	0.017
4.829	0.026
4.830	0.040
4.832	-0.004
4.832	0.012
4.833	0.015
4.834	0.013
4.835	0.002
4.836	0.002
4.837	0.002
4.838	-0.011
4.839	-0.023
4.841	-0.007
4.842	-0.018
4.842	-0.011
4.843	-0.000
4.844	0.009
4.845	0.020
4.846	0.006
4.847	0.015
4.848	0.018
4.849	0.020
4.850	0.029
4.851	0.034
4.853	0.000
4.854	0.012
4.854	-0.002
4.855	0.002
4.856	-0.007
4.857	0.006
4.858	0.032
4.859	0.024
4.860	0.030
4.861	0.017
4.862	0.017
4.863	0.039
4.864	0.015
4.866	-0.005
4.866	0.016
4.867	0.045
4.868	0.033
4.869	0.028
4.872	0.031
4.872	0.032
4.872	0.031
4.873	0.008
4.874	0.016
4.876	-0.005
4.876	0.011
4.877	0.004
4.878	0.009
4.880	-0.008
4.880	0.018
4.881	0.017
4.882	0.006
4.883	0.028
4.884	0.026
4.885	-0.009
4.887	-0.001
4.887	0.008
4.888	0.022
4.889	0.008
4.890	0.017
4.892	-0.003
4.892	0.018
4.893	0.019
4.894	-0.008
4.896	-0.013
4.896	0.006
4.897	0.002
4.898	0.015
4.899	0.029
4.900	0.003
4.902	-0.017
4.903	0.001
4.904	0.012
4.905	-0.004
4.905	0.039
4.906	0.003
4.907	-0.007
4.908	0.010
4.909	0.010
4.910	0.002
4.911	0.014
4.913	-0.001
4.913	0.005
4.914	0.011
4.915	0.001
4.917	-0.001
4.917	-0.027
4.918	0.012
4.919	0.007
4.920	0.002
4.922	-0.003
4.922	-0.023
4.924	-0.010
4.924	0.005
4.925	0.032
4.926	-0.012
4.927	-0.005
4.928	-0.017
4.929	0.024
4.930	0.000
4.932	-0.012
4.933	-0.022
4.934	0.016
4.934	0.002
4.935	-0.011
4.936	0.021
4.937	0.011
4.938	0.007
4.939	0.007
4.941	-0.008
4.941	-0.005
4.942	0.007
4.943	0.013
4.944	0.014
4.945	0.011
4.946	0.009
4.948	-0.020
4.949	-0.006
4.949	0.002
4.950	-0.010
4.952	-0.024
4.952	0.002
4.954	0.033
4.955	-0.008
4.956	-0.014
4.956	-0.010
4.957	0.016
4.958	0.019
4.959	0.005
4.960	0.024
4.961	0.011
4.962	0.034
4.963	0.046
4.965	0.031
4.965	0.007
4.967	0.017
4.967	0.009
4.968	0.020
4.969	0.001
4.971	0.016
4.971	0.009
4.972	0.034
4.973	0.033
4.975	0.003
4.975	0.006
4.976	-0.020
4.977	0.003
4.978	0.002
4.979	0.006
4.981	-0.019
4.981	0.007
4.982	0.037
4.983	0.019
4.984	0.004
4.986	-0.003
4.986	0.023
4.987	0.014
4.988	0.018
4.989	0.027
4.990	0.020
4.992	-0.011
4.992	0.004
4.994	-0.025
4.994	0.014
4.996	-0.024
4.996	-0.027
4.997	0.008
4.998	0.011
4.999	0.008
5.000	-0.010
5.001	0.011
5.003	0.027
5.004	0.042
5.004	0.055
5.006	0.011
5.007	-0.011
5.007	0.019
5.008	-0.004
5.010	-0.027
5.010	0.001
5.012	0.006
5.012	0.018
5.013	0.010
5.015	-0.010
5.016	-0.003
5.017	-0.003
5.017	0.010
5.018	0.025
5.019	0.036
5.021	0.020
5.022	-0.002
5.022	0.032
5.023	0.003
5.025	-0.012
5.025	0.006
5.026	0.027
5.027	-0.007
5.028	0.001
5.029	0.009
5.030	0.023
5.032	0.009
5.033	0.003
5.034	-0.015
5.035	-0.006
5.036	-0.012
5.037	-0.017
5.038	-0.036
5.038	0.017
5.039	0.018
5.041	-0.002
5.041	0.029
5.042	0.015
5.043	-0.007
5.044	-0.007
5.045	0.012
5.047	-0.001
5.048	-0.016
5.048	0.006
5.050	0.008
5.050	0.001
5.052	-0.002
5.052	0.019
5.053	0.008
5.055	0.028
5.055	-0.001
5.057	-0.005
5.058	-0.002
5.058	0.021
5.059	0.014
5.060	-0.003
5.062	-0.015
5.062	0.007
5.064	-0.004
5.064	0.001
5.066	-0.036
5.066	-0.033
5.068	-0.022
5.069	-0.009
5.069	0.014
5.071	0.031
5.071	0.010
5.072	0.021
5.073	0.021
5.074	0.039
5.075	0.014
5.076	-0.013
5.078	-0.008
5.078	0.005
5.079	0.001
5.080	0.019
5.081	0.028
5.083	0.027
5.084	0.014
5.085	-0.005
5.085	-0.000
5.087	0.012
5.087	0.021
5.088	0.016
5.089	0.025
5.090	0.025
5.091	0.002
5.092	0.022
5.093	0.031
5.095	0.033
5.096	-0.003
5.097	-0.016
5.097	0.011
5.099	0.017
5.100	0.007
5.100	0.008
5.102	0.025
5.103	-0.008
5.103	-0.000
5.104	0.015
5.105	0.031
5.106	0.024
5.107	0.026
5.108	0.015
5.109	0.016
5.110	0.000
5.112	-0.003
5.113	-0.011
5.113	0.006
5.115	0.005
5.116	-0.009
5.117	0.025
5.117	0.020
5.118	0.023
5.120	-0.003
5.121	-0.004
5.122	-0.013
5.123	-0.014
5.124	-0.008
5.125	-0.018
5.125	0.003
5.126	-0.010
5.128	-0.010
5.128	0.001
5.130	0.024
5.130	0.018
5.131	0.011
5.133	-0.010
5.133	0.013
5.134	0.015
5.135	-0.015
5.136	-0.004
5.137	0.016
5.138	0.010
5.139	0.022
5.140	0.017
5.141	-0.013
5.142	-0.000
5.143	0.010
5.144	0.021
5.145	0.019
5.146	0.006
5.147	0.015
5.148	0.026
5.149	0.028
5.150	0.006
5.151	0.015
5.153	0.010
5.153	0.017
5.154	0.002
5.155	-0.009
5.156	-0.000
5.157	0.002
5.158	0.024
5.159	0.034
5.160	0.038
5.161	0.012
5.162	0.014
5.163	-0.014
5.164	0.001
5.165	0.008
5.166	0.010
5.167	-0.006
5.168	-0.029
5.169	-0.010
5.170	-0.006
5.171	-0.009
5.172	-0.012
5.173	-0.014
5.174	-0.009
5.175	0.007
5.176	0.020
5.177	0.006
5.178	0.007
5.179	0.019
5.180	-0.003
5.181	-0.009
5.183	-0.030
5.183	-0.014
5.184	-0.004
5.185	0.015
5.187	0.029
5.187	0.026
5.188	0.014
5.189	0.029
5.190	0.044
5.191	0.027
5.192	0.010
5.193	-0.011
5.194	-0.022
5.196	-0.006
5.196	0.014
5.197	0.006
5.199	-0.020
5.199	-0.004
5.200	0.006
5.201	0.002
5.202	-0.006
5.203	0.009
5.204	-0.021
5.205	-0.024
5.206	0.002
5.207	-0.010
5.208	-0.000
5.209	-0.005
5.210	0.002
5.211	-0.011
5.212	-0.009
5.213	-0.006
5.215	-0.001
5.216	-0.019
5.216	0.018
5.217	0.023
5.218	0.014
5.220	0.030
5.221	0.020
5.221	0.027
5.222	0.017
5.223	-0.006
5.224	-0.015
5.225	-0.015
5.226	-0.005
5.227	0.016
5.228	0.001
5.229	0.003
5.230	-0.003
5.232	0.031
5.233	0.020
5.234	-0.010
5.234	0.003
5.235	0.002
5.237	0.021
5.237	-0.002
5.238	0.017
5.239	-0.009
5.240	0.008
5.241	0.019
5.242	-0.017
5.243	-0.011
5.244	0.037
5.245	0.021
5.246	0.014
5.247	0.013
5.248	-0.004
5.249	0.026
5.250	-0.000
5.251	0.031
5.252	0.031
5.253	0.032
5.254	0.028
5.255	-0.003
5.256	-0.007
5.257	-0.018
5.259	-0.016
5.259	0.001
5.260	-0.007
5.261	-0.020
5.262	0.032
5.263	0.020
5.265	-0.000
5.265	0.020
5.266	0.013
5.267	0.004
5.269	-0.007
5.270	0.004
5.270	-0.016
5.271	0.006
5.272	0.008
5.273	0.024
5.274	0.004
5.275	-0.010
5.276	-0.005
5.278	-0.004
5.278	0.006
5.279	0.030
5.280	0.015
5.281	0.001
5.282	0.009
5.283	0.026
5.284	-0.002
5.285	0.009
5.287	0.019
5.287	0.010
5.288	0.007
5.289	0.003
5.290	-0.001
5.291	0.018
5.292	-0.005
5.293	0.009
5.294	0.009
5.295	0.004
5.297	0.004
5.297	0.028
5.298	0.003
5.299	-0.004
5.300	-0.016
5.301	0.004
5.302	0.010
5.303	0.016
5.304	0.019
5.305	0.031
5.306	0.016
5.307	0.022
5.308	0.022
5.309	0.011
5.311	-0.005
5.311	-0.035
5.312	0.009
5.313	0.019
5.315	0.021
5.316	0.023
5.317	-0.011
5.317	0.024
5.318	0.028
5.320	-0.001
5.320	-0.009
5.321	-0.006
5.322	0.008
5.324	-0.008
5.324	-0.005
5.325	-0.002
5.327	-0.001
5.327	-0.018
5.328	0.012
5.329	-0.014
5.330	-0.009
5.331	-0.006
5.333	-0.006
5.334	0.006
5.334	0.004
5.336	0.010
5.337	0.018
5.338	0.010
5.339	-0.000
5.339	0.017
5.341	0.010
5.342	0.015
5.343	-0.005
5.344	0.029
5.345	0.041
5.346	0.013
5.347	0.018
5.347	0.026
5.349	0.009
5.350	0.004
5.351	0.017
5.351	0.005
5.353	0.004
5.354	0.010
5.355	-0.002
5.356	0.002
5.357	0.001
5.358	0.018
5.359	-0.020
5.360	0.013
5.361	-0.003
5.362	0.018
5.363	0.019
5.364	0.022
5.365	0.021
5.366	-0.001
5.367	0.005
5.368	0.035
5.369	0.022
5.370	-0.005
5.371	-0.018
5.372	0.012
5.373	0.001
5.374	0.003
5.375	0.012
5.375	0.008
5.377	0.006
5.378	-0.007
5.379	0.005
5.380	0.013
5.381	0.037
5.382	0.004
5.383	0.002
5.384	0.001
5.385	-0.010
5.386	-0.013
5.387	0.013
5.388	0.021
5.389	0.041
5.390	0.008
5.391	0.024
5.392	0.012
5.392	0.028
5.393	0.002
5.395	0.019
5.396	0.018
5.397	0.021
5.398	0.033
5.399	0.029
5.400	-0.006
5.401	-0.016
5.402	-0.022
5.403	-0.003
5.404	-0.006
5.405	-0.016
5.406	0.001
5.407	0.022
5.408	0.003
5.409	-0.010
5.410	-0.015
5.411	0.008
5.412	-0.010
5.412	0.004
5.414	0.020
5.415	-0.006
5.416	-0.000
5.417	0.020
5.418	0.000
5.419	0.007
5.420	-0.013
5.421	-0.019
5.422	-0.025
5.423	-0.002
5.424	-0.020
5.425	0.022
5.426	0.022
5.427	0.027
5.428	0.024
5.429	0.019
5.430	-0.001
5.431	0.006
5.432	-0.006
5.433	0.000
5.434	-0.007
5.435	0.001
5.436	-0.007
5.437	0.001
5.438	0.035
5.439	0.032
5.440	0.046
5.441	0.025
5.442	0.019
5.443	0.004
5.444	0.006
5.445	0.011
5.446	0.007
5.447	0.022
5.448	0.016
5.449	0.018
5.450	-0.001
5.451	0.036
5.452	0.011
5.453	-0.011
5.454	0.001
5.455	-0.011
5.456	0.019
5.457	0.005
5.458	0.005
5.459	-0.002
5.460	0.012
5.461	0.031
5.462	0.012
5.463	0.002
5.464	0.030
5.465	0.030
5.466	0.014
5.467	0.007
5.468	0.013
5.469	0.018
5.470	0.009
5.471	0.014
5.472	0.021
5.473	0.035
5.474	0.003
5.475	-0.011
5.476	0.021
5.477	0.006
5.478	-0.013
5.479	0.019
5.480	0.033
5.481	0.004
5.482	-0.011
5.483	-0.003
5.484	-0.010
5.485	-0.003
5.486	0.021
5.487	0.017
5.488	-0.004
5.489	-0.012
5.490	-0.000
5.491	0.020
5.492	-0.002
5.493	-0.001
5.494	0.015
5.495	0.009
5.496	-0.012
5.497	0.016
5.498	0.004
5.499	0.030
5.500	0.037
5.501	0.013
5.502	0.041
5.503	-0.010
5.504	-0.005
5.505	-0.010
5.506	0.021
5.507	0.004
5.508	-0.003
5.509	-0.035
5.510	-0.035
5.511	-0.024
5.512	0.022
5.513	-0.006
5.514	0.004
5.515	-0.003
5.516	-0.009
5.517	0.015
5.518	0.034
5.519	0.002
5.520	0.003
5.521	0.028
5.522	0.020
5.523	0.015
5.524	-0.009
5.525	0.010
5.526	0.016
5.527	0.000
5.528	-0.016
5.529	-0.010
5.530	0.051
5.531	0.011
5.532	0.019
5.533	0.016
5.534	0.011
5.535	-0.007
5.536	0.009
5.537	-0.005
5.538	0.015
5.539	-0.000
5.540	-0.009
5.541	0.010
5.542	0.008
5.543	0.007
5.544	0.010
5.545	-0.000
5.546	-0.003
5.547	-0.034
5.548	-0.006
5.549	0.039
5.550	0.017
5.551	0.018
5.552	-0.002
5.553	0.026
5.554	0.010
5.555	0.004
5.556	-0.004
5.557	-0.011
5.558	0.040
5.559	0.018
5.560	0.028
5.561	-0.003
5.562	0.033
5.563	0.010
5.564	0.028
5.565	0.024
5.566	0.012
5.567	-0.004
5.568	0.041
5.569	0.009
5.570	0.023
5.571	0.014
5.572	0.012
5.573	0.046
5.574	0.025
5.575	0.008
5.576	-0.001
5.577	0.027
5.578	0.009
5.579	0.020
5.580	-0.005
5.581	0.002
5.582	0.007
5.583	0.031
5.584	-0.014
5.585	0.001
5.586	0.010
5.587	0.025
5.588	-0.001
5.589	-0.020
5.590	0.004
5.591	0.030
5.592	-0.008
5.593	0.012
5.594	0.006
5.595	0.005
5.596	0.032
5.597	0.039
5.598	0.011
5.599	0.007
5.600	-0.008
5.601	-0.020
5.602	0.027
5.603	0.022
5.604	-0.009
5.605	-0.007
5.606	-0.010
5.607	-0.022
5.608	-0.007
5.609	-0.033
5.610	-0.020
5.611	-0.016
5.612	0.019
5.613	-0.021
5.614	0.004
5.615	0.012
5.616	-0.020
5.617	-0.000
5.618	-0.007
5.619	-0.022
5.620	-0.033
5.621	0.012
5.622	-0.006
5.623	-0.005
5.624	-0.027
5.625	0.004
5.626	0.015
5.627	0.008
5.628	0.004
5.629	-0.011
5.630	-0.015
5.631	-0.003
5.632	0.022
5.633	0.041
5.634	0.034
5.635	0.008
5.636	-0.009
5.637	0.001
5.638	-0.006
5.639	-0.003
5.640	0.028
5.641	0.023
5.642	-0.001
5.643	-0.012
5.644	-0.002
5.645	0.001
5.646	-0.020
5.647	0.011
5.648	-0.006
5.649	0.018
5.650	0.010
5.651	0.011
5.652	-0.002
5.653	-0.003
5.654	-0.003
5.655	0.007
5.656	-0.006
5.657	0.015
5.658	0.026
5.659	0.024
5.660	0.009
5.661	0.013
5.662	0.005
5.663	0.010
5.664	0.023
5.665	0.018
5.666	0.029
5.667	0.026
5.668	0.024
5.669	-0.003
5.670	-0.020
5.671	0.011
5.672	0.022
5.673	0.008
5.674	-0.007
5.675	-0.017
5.676	0.004
5.677	0.006
5.678	-0.010
5.679	0.001
5.680	0.008
5.681	0.011
5.682	-0.000
5.683	-0.003
5.684	0.016
5.685	0.011
5.686	-0.004
5.687	-0.022
5.688	0.003
5.689	-0.001
5.690	-0.026
5.691	0.007
5.692	-0.006
5.693	-0.009
5.694	0.007
5.695	0.021
5.696	0.019
5.697	0.002
5.698	0.031
5.699	0.037
5.700	0.001
5.701	0.001
5.702	0.004
5.703	-0.000
5.704	0.000
5.705	0.001
5.706	-0.007
5.707	-0.016
5.708	-0.006
5.709	0.020
5.710	0.021
5.711	0.019
5.712	0.020
5.713	0.018
5.714	0.009
5.715	0.022
5.716	0.001
5.717	-0.009
5.718	-0.021
5.719	0.009
5.720	-0.004
5.721	0.037
5.722	0.022
5.723	0.015
5.724	-0.003
5.725	0.017
5.726	0.009
5.727	-0.019
5.728	-0.009
5.729	-0.010
5.730	0.025
5.731	0.017
5.732	0.020
5.733	0.009
5.734	-0.003
5.735	0.009
5.736	0.014
5.737	0.019
5.738	0.013
5.739	0.002
5.740	0.000
5.741	0.018
5.742	0.022
5.743	0.037
5.744	0.011
5.745	0.028
5.746	-0.000
5.747	0.029
5.748	0.025
5.749	-0.014
5.750	0.013
5.751	-0.005
5.752	0.007
5.753	0.024
5.754	0.022
5.755	0.022
5.756	-0.010
5.757	-0.026
5.758	-0.026
5.759	0.031
5.760	0.016
5.761	0.026
5.762	0.030
5.763	-0.008
5.764	0.027
5.765	0.007
5.766	-0.028
5.767	-0.007
5.768	-0.001
5.769	-0.016
5.770	-0.007
5.771	0.006
5.772	0.007
5.773	-0.004
5.774	-0.005
5.775	0.025
5.776	-0.006
5.777	-0.015
5.778	0.002
5.779	0.011
5.780	0.003
5.781	-0.016
5.782	0.006
5.783	0.008
5.784	0.015
5.785	0.032
5.786	0.023
5.787	0.032
5.788	-0.012
5.789	0.014
5.790	0.008
5.791	-0.007
5.792	-0.005
5.793	-0.007
5.794	-0.018
5.795	0.010
5.796	0.002
5.797	-0.014
5.798	0.012
5.799	0.015
5.800	0.022
5.801	0.007
5.802	0.012
5.803	0.003
5.804	-0.009
5.805	0.025
5.806	0.027
5.807	0.037
5.808	0.023
5.809	-0.001
5.810	0.004
5.811	-0.011
5.812	-0.001
5.813	-0.013
5.814	0.012
5.815	0.003
5.816	0.009
5.817	0.004
5.818	0.009
5.819	-0.005
5.820	-0.017
5.821	-0.014
5.822	-0.009
5.823	-0.026
5.824	-0.025
5.825	0.002
5.826	-0.017
5.827	-0.005
5.828	-0.002
5.829	0.034
5.830	0.020
5.831	0.017
5.832	-0.010
5.833	-0.005
5.834	0.024
5.835	0.020
5.836	0.014
5.837	0.019
5.838	-0.007
5.839	0.030
5.840	0.014
5.841	-0.013
5.842	0.021
5.843	0.017
5.844	-0.001
5.845	0.020
5.846	-0.004
5.847	0.022
5.848	-0.006
5.849	0.020
5.850	-0.002
5.851	-0.005
5.852	-0.012
5.853	-0.024
5.854	-0.025
5.855	-0.013
5.856	-0.021
5.857	0.047
5.858	0.023
5.859	0.024
5.860	0.019
5.861	0.019
5.862	0.023
5.863	0.017
5.864	-0.015
5.865	-0.007
5.866	0.007
5.867	-0.009
5.868	-0.030
5.869	-0.006
5.870	0.009
5.871	-0.017
5.872	0.007
5.873	-0.005
5.874	0.022
5.875	0.031
5.876	0.009
5.877	0.009
5.878	0.012
5.879	0.005
5.880	0.026
5.881	0.043
5.882	0.010
5.883	0.002
5.884	-0.024
5.885	0.012
5.886	0.022
5.887	0.008
5.888	-0.015
5.889	0.006
5.890	-0.015
5.891	0.016
5.892	0.005
5.893	-0.001
5.894	-0.001
5.895	0.017
5.896	0.005
5.897	-0.008
5.898	-0.012
5.899	-0.036
5.900	-0.001
5.901	0.021
5.902	0.014
5.903	0.011
5.904	-0.002
5.905	-0.021
5.906	0.008
5.907	0.004
5.908	0.009
5.909	0.015
5.910	-0.017
5.911	0.015
5.912	0.005
5.913	-0.001
5.914	-0.006
5.915	-0.012
5.916	0.012
5.917	0.022
5.918	0.042
5.920	0.030
5.920	0.014
5.921	0.020
5.922	0.001
5.923	0.011
5.924	0.013
5.925	-0.011
5.926	-0.022
5.927	-0.012
5.928	-0.008
5.929	-0.019
5.930	-0.014
5.931	-0.009
5.932	-0.010
5.933	0.006
5.934	0.002
5.935	-0.006
5.936	-0.013
5.937	-0.019
5.938	-0.011
5.939	0.008
5.940	0.014
5.941	0.028
5.942	0.014
5.943	0.006
5.944	0.011
5.945	0.025
5.946	-0.002
5.947	0.014
5.948	0.001
5.949	0.014
5.950	-0.003
5.951	0.008
5.952	0.001
5.953	-0.022
5.954	0.009
5.955	-0.001
5.956	-0.015
5.957	0.002
5.958	-0.017
5.959	-0.013
5.960	-0.029
5.961	-0.011
5.962	-0.018
5.963	-0.020
5.964	-0.011
5.965	0.016
5.966	0.002
5.967	0.001
5.968	-0.014
5.970	-0.009
5.971	-0.019
5.971	-0.028
5.972	0.008
5.973	0.006
5.974	0.008
5.975	0.007
5.976	0.011
5.977	0.004
5.978	-0.011
5.979	-0.011
5.980	0.016
5.981	0.024
5.982	-0.008
5.983	0.009
5.984	0.010
5.985	0.002
5.986	0.004
5.987	-0.005
5.988	0.000
5.989	-0.001
5.990	0.019
5.991	0.010
5.992	-0.012
5.993	-0.013
5.994	0.021
5.995	0.005
5.996	0.039
5.997	-0.001
5.998	0.029
5.999	0.023
6.000	0.033
6.001	-0.009
6.002	-0.025
6.003	0.010
6.004	-0.018
6.005	0.016
6.006	0.022
6.007	0.036
6.008	0.029
6.009	0.007
6.010	0.023
6.011	-0.003
6.012	0.003
6.013	0.011
6.014	0.002
6.015	0.003
6.016	0.016
6.017	0.031
6.018	0.016
6.019	0.020
6.020	0.039
6.021	0.032
6.022	0.017
6.023	0.001
6.024	0.047
6.025	0.002
6.026	-0.002
6.027	-0.003
6.028	0.001
6.029	0.011
6.030	0.007
6.031	0.029
6.032	0.024
6.033	0.009
6.034	0.001
6.035	0.013
6.036	0.009
6.037	0.043
6.038	0.006
6.039	0.038
6.040	0.028
6.041	0.003
6.042	0.012
6.043	0.010
6.044	0.025
6.045	0.005
6.046	0.008
6.047	-0.011
6.048	-0.021
6.049	0.025
6.050	0.018
6.051	0.038
6.052	0.005
6.053	0.007
6.054	-0.008
6.055	-0.010
6.056	0.004
6.057	0.026
6.058	-0.003
6.059	0.007
6.060	0.023
6.061	0.005
6.062	-0.018
6.063	-0.001
6.064	0.015
6.065	0.020
6.066	-0.002
6.067	0.008
6.068	0.018
6.070	0.016
6.070	0.001
6.071	0.012
6.072	0.010
6.073	0.011
6.074	0.017
6.075	0.040
6.076	0.024
6.077	0.018
6.078	0.027
6.079	0.025
6.080	0.039
6.081	-0.008
6.082	0.001
6.083	-0.002
6.084	0.022
6.085	0.007
6.086	-0.012
6.087	0.012
6.088	0.014
6.089	-0.002
6.090	-0.006
6.091	0.026
6.092	0.007
6.093	-0.004
6.094	-0.006
6.095	0.008
6.096	0.014
6.097	0.023
6.098	0.007
6.099	-0.017
6.100	-0.002
6.101	0.006
6.102	0.010
6.103	-0.002
6.104	-0.027
6.105	-0.026
6.106	0.020
6.107	0.012
6.108	0.045
6.109	0.037
6.110	0.012
6.111	0.005
6.112	-0.008
6.113	0.007
6.114	0.019
6.115	0.031
6.116	0.020
6.117	-0.009
6.118	-0.009
6.119	0.028
6.120	-0.007
6.121	0.018
6.122	0.028
6.123	0.006
6.124	-0.002
6.125	-0.004
6.126	0.005
6.127	0.016
6.128	0.004
6.129	0.010
6.130	0.012
6.131	-0.006
6.132	0.001
6.133	0.018
6.134	0.003
6.135	0.011
6.136	-0.008
6.138	0.026
6.138	0.023
6.139	0.034
6.140	-0.001
6.141	0.016
6.142	0.017
6.143	0.010
6.144	0.022
6.145	0.005
6.146	-0.003
6.147	-0.001
6.148	-0.011
6.149	-0.008
6.150	0.008
6.151	0.018
6.152	0.024
6.153	0.027
6.154	0.045
6.155	0.018
6.156	0.031
6.157	0.004
6.158	-0.005
6.159	0.003
6.160	0.014
6.161	0.027
6.162	0.016
6.163	-0.014
6.164	0.005
6.165	0.004
6.166	-0.006
6.167	0.013
6.168	0.009
6.170	0.014
6.170	-0.013
6.171	0.023
6.172	0.011
6.173	0.022
6.174	0.047
6.175	0.027
6.176	-0.008
6.177	0.017
6.178	0.010
6.179	0.015
6.180	0.021
6.181	-0.001
6.182	0.005
6.183	0.017
6.184	0.016
6.185	0.036
6.186	0.027
6.187	0.044
6.188	0.030
6.189	0.027
6.190	0.012
6.191	0.003
6.192	-0.013
6.193	0.044
6.194	0.037
6.195	0.012
6.196	0.013
6.197	0.016
6.198	0.003
6.199	0.023
6.200	0.006
6.201	0.008
6.202	-0.023
6.203	0.005
6.204	0.008
6.205	0.015
6.206	0.005
6.207	0.022
6.207	0.013
6.208	0.023
6.209	0.005
6.210	0.005
6.211	0.002
6.212	0.003
6.213	0.015
6.214	0.001
6.216	-0.007
6.216	0.016
6.217	0.047
6.219	0.013
6.221	-0.008
6.221	0.003
6.221	0.021
6.222	0.029
6.223	0.028
6.224	0.005
6.226	-0.002
6.226	0.004
6.227	-0.009
6.228	0.007
6.229	0.017
6.230	0.005
6.231	0.019
6.232	0.004
6.233	-0.004
6.234	0.008
6.235	0.012
6.237	0.004
6.238	-0.008
6.238	-0.009
6.240	-0.006
6.240	-0.008
6.241	-0.013
6.242	0.002
6.243	-0.004
6.244	0.009
6.245	0.007
6.246	0.006
6.247	0.015
6.249	0.006
6.249	0.016
6.250	0.013
6.251	0.019
6.252	0.020
6.253	-0.005
6.254	0.015
6.255	0.019
6.256	0.015
6.257	0.016
6.258	0.012
6.259	0.006
6.260	0.001
6.261	0.005
6.262	0.006
6.263	-0.004
6.265	-0.007
6.265	0.008
6.266	0.012
6.267	0.008
6.268	-0.006
6.270	-0.012
6.270	0.002
6.271	0.023
6.272	0.013
6.274	0.011
6.274	0.003
6.275	0.016
6.276	0.012
6.277	0.001
6.279	0.013
6.280	0.024
6.281	0.017
6.282	0.018
6.283	-0.004
6.284	-0.013
6.285	0.015
6.286	-0.005
6.287	0.009
6.288	0.007
6.289	0.016
6.290	0.000
6.291	0.010
6.292	0.033
6.293	0.010
6.294	0.001
6.295	-0.004
6.296	-0.002
6.297	-0.001
6.298	-0.002
6.299	0.003
6.300	-0.002
6.301	-0.000
6.302	0.008
6.303	0.010
6.304	0.015
6.305	0.020
6.306	0.017
6.307	0.001
6.308	0.021
6.309	0.022
6.310	0.002
6.311	-0.010
6.312	0.004
6.313	-0.007
6.314	0.028
6.315	0.023
6.316	0.020
6.317	0.032
6.318	0.003
6.319	0.016
6.320	0.026
6.321	-0.007
6.322	-0.002
6.323	0.010
6.324	0.001
6.325	-0.019
6.326	0.011
6.327	0.013
6.328	0.007
6.329	0.008
6.330	0.022
6.331	0.015
6.333	0.001
6.333	0.025
6.334	0.025
6.335	0.009
6.336	-0.013
6.337	0.013
6.338	0.013
6.339	0.002
6.340	0.016
6.341	-0.003
6.342	0.010
6.343	-0.003
6.344	0.019
6.345	-0.008
6.346	-0.008
6.347	0.002
6.348	-0.003
6.349	0.026
6.350	-0.002
6.351	-0.004
6.352	-0.001
6.353	-0.009
6.354	-0.003
6.355	-0.002
6.356	0.001
6.357	-0.001
6.358	-0.011
6.359	0.014
6.360	-0.005
6.361	-0.019
6.362	-0.028
6.363	0.010
6.364	0.009
6.365	0.003
6.366	0.034
6.367	0.043
6.368	0.039
6.369	0.007
6.370	0.011
6.371	0.005
6.372	0.002
6.373	-0.000
6.374	0.001
6.375	-0.005
6.376	0.008
6.377	0.013
6.378	0.022
6.379	0.035
6.380	0.016
6.381	0.022
6.382	0.010
6.383	0.012
6.384	-0.001
6.385	0.009
6.386	0.014
6.387	0.002
6.388	0.004
6.389	-0.019
6.390	0.006
6.391	0.027
6.392	0.002
6.393	-0.015
6.394	0.004
6.395	0.016
6.396	0.021
6.397	0.008
6.398	0.023
6.399	0.010
6.400	-0.008
6.401	0.020
6.402	0.014
6.403	0.006
6.404	0.011
6.405	-0.001
6.406	0.015
6.407	0.024
6.408	0.005
6.409	0.011
6.410	0.022
6.411	0.001
6.412	0.002
6.413	0.011
6.414	0.001
6.415	-0.003
6.416	-0.004
6.417	0.012
6.418	0.024
6.419	0.037
6.420	0.019
6.421	-0.003
6.422	0.007
6.423	0.009
6.423	-0.003
6.424	0.023
6.426	0.028
6.427	0.016
6.428	0.004
6.429	0.014
6.430	0.017
6.431	0.007
6.432	-0.007
6.433	0.035
6.434	0.029
6.435	0.014
6.436	-0.003
6.437	-0.013
6.438	-0.011
6.439	0.003
6.440	-0.011
6.441	0.025
6.442	0.027
6.443	-0.004
6.444	-0.004
6.445	-0.009
6.446	-0.012
6.447	-0.027
6.448	0.030
6.449	0.009
6.450	-0.003
6.451	0.006
6.452	-0.012
6.453	0.017
6.454	0.011
6.455	0.013
6.456	-0.014
6.457	0.018
6.458	-0.002
6.459	0.006
6.460	-0.009
6.461	0.005
6.462	-0.005
6.463	0.011
6.464	0.033
6.465	-0.002
6.466	-0.022
6.467	0.003
6.468	0.016
6.469	-0.006
6.470	0.001
6.471	0.007
6.472	-0.010
6.473	0.005
6.474	-0.003
6.475	0.014
6.476	0.006
6.477	-0.007
