[HEADER]
17-10-2022
11:41:09


[DATA]
[s]	[±0.015 °C]	[±0.008 bar]
time	temp	pres
0.0	0.007
0.0	-0.003
0.0	0.033
0.0	0.002
0.0	0.002
0.0	0.006
0.0	0.007
0.0	0.008
0.0	-0.000
0.0	-0.011
0.0	-0.014
0.0	0.007
0.0	0.006
0.0	0.015
0.0	0.010
0.0	-0.009
0.0	-0.003
0.0	0.007
0.0	0.006
0.0	0.015
0.0	0.024
0.0	-0.002
0.0	0.009
0.0	0.016
0.0	-0.008
0.0	-0.020
0.0	0.023
0.0	0.016
0.0	-0.019
0.0	-0.018
0.0	0.003
0.0	-0.001
0.0	0.003
0.0	0.004
0.0	-0.002
0.0	0.020
0.0	0.005
0.0	0.012
0.0	0.018
0.0	0.020
0.0	0.018
0.0	0.027
0.0	0.031
0.0	0.015
0.0	0.007
0.0	-0.010
0.0	-0.015
0.0	0.013
0.0	0.010
0.0	-0.009
0.0	-0.010
0.0	0.029
0.1	0.007
0.1	0.005
0.1	0.023
0.1	0.007
0.1	0.001
0.1	-0.002
0.1	0.001
0.1	0.000
0.1	0.005
0.1	0.020
0.1	0.026
0.1	0.017
0.1	-0.003
0.1	0.013
0.1	-0.004
0.1	0.005
0.1	-0.013
0.1	-0.001
0.1	-0.000
0.1	0.009
0.1	0.018
0.1	0.032
0.1	-0.006
0.1	0.004
0.1	0.011
0.1	0.028
0.1	-0.013
0.1	0.020
0.1	-0.011
0.1	-0.015
0.1	0.008
0.1	0.023
0.1	0.035
0.1	-0.009
0.1	-0.007
0.1	-0.014
0.1	0.005
0.1	-0.003
0.1	0.006
0.1	0.003
0.1	0.015
0.1	-0.021
0.1	-0.015
0.1	-0.017
0.1	-0.003
0.1	0.003
0.1	-0.002
0.1	-0.001
0.1	-0.001
0.1	-0.013
0.1	-0.001
0.1	-0.021
0.1	0.031
0.1	0.021
0.1	0.009
0.1	0.008
0.1	0.027
0.1	-0.001
0.1	-0.026
0.1	-0.024
0.1	-0.002
0.1	-0.021
0.1	-0.021
0.1	0.015
0.1	0.026
0.1	-0.007
0.1	0.012
0.1	0.004
0.1	0.018
0.1	0.034
0.1	0.005
0.1	0.008
0.1	0.003
0.1	0.013
0.1	0.038
0.1	0.020
0.1	-0.024
0.1	-0.006
0.1	0.009
0.1	-0.015
0.1	0.002
0.1	-0.024
0.1	-0.017
0.1	-0.013
0.1	0.025
0.1	0.029
0.1	0.059
0.1	0.015
0.1	0.002
0.1	0.019
0.1	0.033
0.1	0.003
0.1	0.016
0.1	0.024
0.1	0.009
0.1	0.007
0.1	0.040
0.1	0.018
0.1	0.007
0.1	0.023
0.1	0.011
0.2	-0.000
0.2	0.040
0.2	0.018
0.2	0.010
0.2	-0.013
0.2	0.026
0.2	0.003
0.2	0.000
0.2	-0.001
0.2	-0.011
0.2	0.024
0.2	0.020
0.2	0.008
0.2	0.002
0.2	-0.004
0.2	-0.017
0.2	0.005
0.2	0.032
0.2	0.011
0.2	0.029
0.2	0.014
0.2	0.022
0.2	0.046
0.2	0.025
0.2	-0.002
0.2	0.005
0.2	-0.017
0.2	0.017
0.2	0.016
0.2	0.010
0.2	-0.004
0.2	-0.002
0.2	-0.002
0.2	0.025
0.2	0.003
0.2	-0.004
0.2	0.003
0.2	0.022
0.2	0.016
0.2	0.015
0.2	0.013
0.2	0.021
0.2	0.006
0.2	-0.005
0.2	0.008
0.2	0.001
0.2	0.003
0.2	0.001
0.2	0.005
0.2	0.001
0.2	-0.011
0.2	-0.005
0.2	0.005
0.2	-0.013
0.2	0.008
0.2	-0.018
0.2	-0.005
0.2	-0.007
0.2	-0.001
0.2	-0.023
0.2	-0.010
0.2	0.004
0.2	0.005
0.2	0.012
0.2	-0.004
0.2	0.025
0.2	0.044
0.2	0.037
0.2	0.016
0.2	0.008
0.2	0.006
0.2	-0.018
0.2	-0.000
0.2	-0.004
0.2	-0.002
0.2	0.012
0.2	0.027
0.2	0.026
0.2	0.000
0.2	0.007
0.2	0.010
0.2	-0.014
0.2	-0.006
0.2	0.002
0.2	0.009
0.2	-0.002
0.2	-0.001
0.2	-0.008
0.2	-0.009
0.2	-0.009
0.2	-0.020
0.2	0.019
0.2	0.028
0.2	0.017
0.2	0.013
0.2	0.030
0.2	-0.011
0.2	0.020
0.2	-0.006
0.2	0.010
0.3	0.005
0.3	0.011
0.3	-0.002
0.3	0.014
0.3	0.012
0.3	0.024
0.3	0.001
0.3	0.002
0.3	0.024
0.3	0.025
0.3	0.015
0.3	-0.001
0.3	0.006
0.3	0.013
0.3	0.006
0.3	-0.049
0.3	-0.019
0.3	0.013
0.3	0.021
0.3	0.004
0.3	0.006
0.3	0.003
0.3	-0.002
0.3	0.006
0.3	-0.011
0.3	0.034
0.3	0.048
0.3	0.001
0.3	-0.009
0.3	0.023
0.3	0.012
0.3	0.003
0.3	-0.001
0.3	-0.018
0.3	-0.005
0.3	0.018
0.3	-0.003
0.3	-0.007
0.3	0.006
0.3	0.020
0.3	-0.002
0.3	-0.033
0.3	-0.030
0.3	-0.001
0.3	0.002
0.3	0.004
0.3	-0.014
0.3	-0.006
0.3	0.003
0.3	0.021
0.3	0.020
0.3	-0.008
0.3	0.008
0.3	0.010
0.3	0.017
0.3	-0.017
0.3	0.036
0.3	0.013
0.3	0.030
0.3	0.017
0.3	0.021
0.3	-0.003
0.3	0.018
0.3	0.035
0.3	0.002
0.3	0.015
0.3	-0.017
0.3	-0.020
0.3	0.021
0.3	0.003
0.3	0.002
0.3	0.032
0.3	0.018
0.3	0.032
0.3	-0.000
0.3	-0.017
0.3	-0.020
0.3	0.000
0.3	0.021
0.3	0.033
0.3	0.020
0.3	0.011
0.3	0.025
0.3	0.044
0.3	0.011
0.3	0.011
0.3	-0.006
0.3	0.022
0.3	0.020
0.3	0.031
0.3	0.011
0.3	0.002
0.3	0.014
0.3	-0.011
0.3	0.005
0.3	-0.004
0.3	0.001
0.3	0.008
0.3	0.002
0.4	0.004
0.4	0.027
0.4	-0.006
0.4	-0.006
0.4	-0.027
0.4	0.020
0.4	0.005
0.4	0.003
0.4	0.033
0.4	0.016
0.4	0.001
0.4	-0.010
0.4	0.002
0.4	-0.011
0.4	-0.002
0.4	0.016
0.4	0.011
0.4	-0.009
0.4	0.034
0.4	0.009
0.4	-0.001
0.4	-0.013
0.4	-0.027
0.4	0.007
0.4	-0.007
0.4	0.016
0.4	-0.001
0.4	-0.013
0.4	-0.002
0.4	0.002
0.4	0.016
0.4	0.041
0.4	0.019
0.4	0.012
0.4	0.016
0.4	0.005
0.4	0.024
0.4	0.014
0.4	-0.002
0.4	0.021
0.4	-0.006
0.4	0.011
0.4	-0.013
0.4	0.015
0.4	-0.020
0.4	-0.000
0.4	-0.017
0.4	-0.015
0.4	-0.016
0.4	0.018
0.4	-0.004
0.4	0.009
0.4	0.010
0.4	0.008
0.4	-0.009
0.4	-0.007
0.4	0.009
0.4	0.014
0.4	0.019
0.4	-0.013
0.4	0.006
0.4	0.009
0.4	0.016
0.4	0.015
0.4	0.002
0.4	0.016
0.4	0.018
0.4	0.031
0.4	-0.005
0.4	-0.010
0.4	0.003
0.4	-0.004
0.4	0.041
0.4	0.012
0.4	-0.001
0.4	0.010
0.4	0.016
0.4	0.020
0.4	0.014
0.4	-0.009
0.4	-0.014
0.4	-0.020
0.4	-0.005
0.4	0.011
0.4	0.014
0.4	0.005
0.4	0.012
0.4	-0.004
0.4	0.000
0.4	-0.011
0.4	0.014
0.4	0.011
0.4	0.030
0.4	0.043
0.4	0.016
0.4	0.013
0.4	-0.011
0.4	0.009
0.4	0.005
0.5	0.002
0.5	0.014
0.5	-0.004
0.5	-0.000
0.5	-0.010
0.5	0.014
0.5	0.006
0.5	-0.002
0.5	-0.038
0.5	-0.006
0.5	-0.001
0.5	-0.005
0.5	-0.000
0.5	-0.004
0.5	0.020
0.5	-0.002
0.5	-0.010
0.5	-0.025
0.5	0.004
0.5	-0.020
0.5	-0.009
0.5	0.013
0.5	0.004
0.5	0.018
0.5	0.002
0.5	0.003
0.5	-0.000
0.5	-0.006
0.5	0.016
0.5	0.019
0.5	-0.014
0.5	-0.030
0.5	-0.030
0.5	-0.001
0.5	-0.018
0.5	0.016
0.5	0.003
0.5	0.040
0.5	0.015
0.5	0.012
0.5	0.007
0.5	-0.020
0.5	0.010
0.5	0.017
0.5	0.023
0.5	0.037
0.5	0.003
0.5	0.007
0.5	0.006
0.5	-0.004
0.5	-0.015
0.5	0.001
0.5	0.000
0.5	0.033
0.5	0.019
0.5	0.026
0.5	0.007
0.5	0.009
0.5	-0.027
0.5	-0.000
0.5	0.026
0.5	-0.002
0.5	0.006
0.5	0.005
0.5	0.014
0.5	0.027
0.5	-0.005
0.5	0.024
0.5	0.008
0.5	0.017
0.5	-0.012
0.5	0.011
0.5	-0.007
0.5	0.035
0.5	0.009
0.5	0.002
0.5	0.001
0.5	-0.019
0.5	-0.015
0.5	-0.013
0.5	0.040
0.5	0.004
0.5	0.011
0.5	-0.009
0.5	-0.021
0.5	-0.015
0.5	-0.001
0.5	-0.011
0.5	-0.011
0.5	0.005
0.5	-0.021
0.5	0.007
0.5	-0.008
0.5	0.025
0.5	0.016
0.5	0.055
0.5	0.035
0.5	0.034
0.5	0.005
0.5	-0.014
0.6	0.018
0.6	0.019
0.6	0.014
0.6	0.031
0.6	0.022
0.6	0.003
0.6	0.020
0.6	0.022
0.6	0.024
0.6	-0.007
0.6	-0.002
0.6	-0.031
0.6	-0.007
0.6	0.017
0.6	0.031
0.6	0.038
0.6	0.027
0.6	0.005
0.6	0.016
0.6	0.008
0.6	0.007
0.6	0.025
0.6	0.003
0.6	0.028
0.6	0.017
0.6	0.020
0.6	-0.004
0.6	-0.018
0.6	0.021
0.6	0.023
0.6	0.006
0.6	0.032
0.6	0.038
0.6	0.012
0.6	0.019
0.6	0.004
0.6	0.006
0.6	-0.009
0.6	-0.006
0.6	0.006
0.6	-0.006
0.6	0.012
0.6	0.008
0.6	0.022
0.6	-0.014
0.6	-0.010
0.6	-0.009
0.6	0.001
0.6	0.014
0.6	0.027
0.6	0.006
0.6	0.008
0.6	0.000
0.6	-0.001
0.6	0.012
0.6	-0.009
0.6	-0.038
0.6	0.021
0.6	0.026
0.6	0.030
0.6	0.037
0.6	0.013
0.6	-0.000
0.6	0.021
0.6	0.010
0.6	0.032
0.6	0.029
0.6	0.019
0.6	0.024
0.6	-0.005
0.6	0.018
0.6	0.032
0.6	0.022
0.6	0.009
0.6	0.003
0.6	0.012
0.6	0.015
0.6	0.004
0.6	0.014
0.6	0.008
0.6	0.000
0.6	0.010
0.6	-0.003
0.6	-0.017
0.6	-0.017
0.6	-0.029
0.6	-0.006
0.6	0.002
0.6	0.002
0.6	0.007
0.6	-0.008
0.6	-0.009
0.6	0.019
0.6	0.009
0.6	0.027
0.6	0.004
0.6	0.009
0.6	-0.012
0.6	-0.014
0.6	-0.005
0.6	0.005
0.7	0.004
0.7	0.003
0.7	0.002
0.7	0.010
0.7	0.012
0.7	0.011
0.7	0.015
0.7	0.030
0.7	0.012
0.7	0.010
0.7	-0.018
0.7	-0.020
0.7	0.000
0.7	0.018
0.7	0.003
0.7	0.001
0.7	-0.012
0.7	0.013
0.7	0.021
0.7	0.008
0.7	-0.004
0.7	-0.007
0.7	-0.009
0.7	0.015
0.7	0.006
0.7	-0.018
0.7	-0.017
0.7	-0.002
0.7	0.002
0.7	0.000
0.7	0.030
0.7	0.014
0.7	0.012
0.7	-0.007
0.7	0.009
0.7	-0.003
0.7	-0.001
0.7	0.006
0.7	0.012
0.7	0.004
0.7	-0.018
0.7	-0.009
0.7	0.010
0.7	0.000
0.7	0.006
0.7	0.019
0.7	-0.004
0.7	-0.007
0.7	0.006
0.7	-0.003
0.7	-0.004
0.7	0.018
0.7	0.009
0.7	0.019
0.7	0.033
0.7	0.010
0.7	-0.001
0.7	-0.020
0.7	-0.009
0.7	0.005
0.7	0.028
0.7	0.018
0.7	0.008
0.7	0.004
0.7	0.001
0.7	0.004
0.7	-0.016
0.7	-0.026
0.7	-0.004
0.7	0.011
0.7	0.035
0.7	0.006
0.7	-0.016
0.7	-0.013
0.7	0.012
0.7	0.012
0.7	0.001
0.7	-0.006
0.7	-0.008
0.7	0.010
0.7	0.025
0.7	0.015
0.7	0.018
0.7	0.015
0.7	0.004
0.7	0.010
0.7	-0.007
0.7	0.008
0.7	0.014
0.7	0.025
0.7	0.007
0.7	0.004
0.7	-0.009
0.7	0.011
0.7	0.013
0.7	0.017
0.7	-0.002
0.7	-0.008
0.7	-0.016
0.8	-0.011
0.8	0.015
0.8	0.017
0.8	0.011
0.8	0.014
0.8	0.009
0.8	-0.008
0.8	0.010
0.8	-0.001
0.8	-0.022
0.8	-0.007
0.8	0.016
0.8	-0.004
0.8	0.016
0.8	0.011
0.8	-0.004
0.8	-0.000
0.8	-0.011
0.8	-0.020
0.8	0.011
0.8	0.012
0.8	0.014
0.8	0.037
0.8	0.026
0.8	0.017
0.8	0.014
0.8	-0.002
0.8	0.004
0.8	-0.011
0.8	0.004
0.8	0.007
0.8	0.043
0.8	0.027
0.8	0.025
0.8	0.018
0.8	-0.005
0.8	0.017
0.8	0.004
0.8	0.019
0.8	0.014
0.8	0.014
0.8	0.007
0.8	0.010
0.8	-0.013
0.8	-0.028
0.8	-0.020
0.8	0.024
0.8	0.040
0.8	0.011
0.8	0.007
0.8	-0.015
0.8	0.005
0.8	-0.002
0.8	-0.002
0.8	0.031
0.8	0.031
0.8	0.012
0.8	0.013
0.8	0.026
0.8	0.013
0.8	0.005
0.8	0.024
0.8	0.021
0.8	-0.000
0.8	0.001
0.8	0.011
0.8	-0.000
0.8	0.002
0.8	-0.007
0.8	0.005
0.8	0.012
0.8	0.027
0.8	0.017
0.8	0.007
0.8	0.018
0.8	0.005
0.8	0.024
0.8	0.010
0.8	0.022
0.8	0.004
0.8	0.009
0.8	-0.005
0.8	0.007
0.8	0.001
0.8	0.010
0.8	-0.011
0.8	-0.005
0.8	0.026
0.8	0.014
0.8	-0.011
0.8	-0.003
0.8	-0.012
0.8	-0.010
0.8	0.002
0.8	-0.012
0.8	-0.000
0.8	-0.017
0.8	-0.018
0.8	-0.016
0.8	0.019
0.8	0.025
0.9	0.022
0.9	0.020
0.9	0.010
0.9	-0.018
0.9	-0.042
0.9	-0.026
0.9	0.015
0.9	0.025
0.9	0.026
0.9	0.003
0.9	-0.008
0.9	-0.024
0.9	-0.017
0.9	-0.001
0.9	0.003
0.9	0.026
0.9	0.014
0.9	-0.002
0.9	-0.019
0.9	-0.034
0.9	-0.015
0.9	-0.012
0.9	-0.020
0.9	0.020
0.9	-0.010
0.9	0.003
0.9	0.012
0.9	0.021
0.9	0.011
0.9	0.015
0.9	0.034
0.9	0.052
0.9	0.041
0.9	0.025
0.9	0.012
0.9	-0.002
0.9	-0.015
0.9	-0.006
0.9	-0.003
0.9	-0.016
0.9	0.022
0.9	0.001
0.9	0.004
0.9	-0.016
0.9	0.011
0.9	-0.020
0.9	0.020
0.9	-0.008
0.9	0.003
0.9	0.006
0.9	0.005
0.9	0.006
0.9	-0.000
0.9	-0.007
0.9	0.021
0.9	0.016
0.9	0.001
0.9	0.019
0.9	-0.009
0.9	-0.010
0.9	0.023
0.9	0.006
0.9	-0.010
0.9	-0.011
0.9	0.010
0.9	-0.003
0.9	-0.002
0.9	0.017
0.9	0.018
0.9	-0.006
0.9	-0.002
0.9	0.018
0.9	0.005
0.9	-0.011
0.9	-0.004
0.9	0.021
0.9	0.032
0.9	0.016
0.9	0.012
0.9	0.030
0.9	0.016
0.9	0.007
0.9	-0.014
0.9	0.008
0.9	0.006
0.9	-0.013
0.9	-0.024
0.9	-0.000
0.9	-0.022
0.9	-0.005
0.9	-0.017
0.9	-0.007
0.9	0.013
0.9	0.015
0.9	-0.003
0.9	-0.005
0.9	0.007
0.9	0.007
0.9	0.027
0.9	0.003
1.0	0.010
1.0	0.029
1.0	0.018
1.0	0.002
1.0	0.021
1.0	-0.004
1.0	0.031
1.0	-0.007
1.0	0.010
1.0	0.012
1.0	-0.005
1.0	-0.006
1.0	0.001
1.0	0.021
1.0	-0.014
1.0	-0.007
1.0	0.014
1.0	-0.015
1.0	0.008
1.0	-0.009
1.0	-0.002
1.0	0.001
1.0	-0.002
1.0	-0.009
1.0	-0.004
1.0	-0.013
1.0	-0.015
1.0	0.018
1.0	-0.013
1.0	0.012
1.0	0.008
1.0	0.015
1.0	-0.011
1.0	0.000
1.0	0.005
1.0	0.005
1.0	-0.006
1.0	0.025
1.0	0.004
1.0	0.011
1.0	0.002
1.0	-0.008
1.0	0.003
1.0	0.028
1.0	0.028
1.0	0.014
1.0	0.004
1.0	0.011
1.0	0.020
1.0	0.013
1.0	0.025
1.0	0.007
1.0	-0.003
1.0	-0.014
1.0	0.003
1.0	0.041
1.0	0.014
1.0	-0.005
1.0	-0.006
1.0	0.007
1.0	-0.007
1.0	0.018
1.0	-0.015
1.0	-0.014
1.0	0.004
1.0	0.015
1.0	-0.003
1.0	0.007
1.0	0.011
1.0	0.011
1.0	0.034
1.0	0.015
1.0	0.023
1.0	0.029
1.0	0.011
1.0	0.021
1.0	0.027
1.0	0.036
1.0	0.019
1.0	0.020
1.0	-0.015
1.0	0.008
1.0	-0.014
1.0	-0.024
1.0	-0.017
1.0	-0.026
1.0	-0.000
1.0	0.018
1.0	0.001
1.0	-0.028
1.0	-0.021
1.0	-0.015
1.0	-0.007
1.0	-0.021
1.0	-0.032
1.0	-0.033
1.0	0.007
1.0	-0.011
1.0	0.030
1.1	0.013
1.1	-0.005
1.1	-0.000
1.1	0.036
1.1	0.039
1.1	0.009
1.1	0.027
1.1	0.017
1.1	0.015
1.1	-0.003
1.1	0.002
1.1	-0.001
1.1	0.007
1.1	0.013
1.1	0.004
1.1	0.015
1.1	-0.013
1.1	-0.004
1.1	-0.036
1.1	-0.025
1.1	0.020
1.1	0.005
1.1	0.028
1.1	0.018
1.1	0.018
1.1	0.008
1.1	-0.001
1.1	0.014
1.1	0.022
1.1	0.049
1.1	0.053
1.1	0.006
1.1	0.014
1.1	-0.004
1.1	-0.004
1.1	0.048
1.1	0.008
1.1	0.007
1.1	0.015
1.1	0.030
1.1	0.003
1.1	0.006
1.1	-0.011
1.1	-0.005
1.1	0.007
1.1	0.007
1.1	-0.016
1.1	0.011
1.1	-0.014
1.1	-0.003
1.1	-0.002
1.1	0.009
1.1	-0.022
1.1	0.004
1.1	0.009
1.1	0.002
1.1	0.008
1.1	0.001
1.1	0.004
1.1	0.021
1.1	0.017
1.1	-0.004
1.1	-0.011
1.1	0.018
1.1	0.019
1.1	0.020
1.1	-0.008
1.1	-0.003
1.1	0.003
1.1	-0.010
1.1	0.001
1.1	-0.008
1.1	0.031
1.1	0.007
1.1	0.002
1.1	-0.006
1.1	-0.015
1.1	-0.004
1.1	-0.016
1.1	0.014
1.1	0.016
1.1	0.021
1.1	0.029
1.1	0.035
1.1	0.007
1.1	0.003
1.1	-0.003
1.1	-0.010
1.1	0.016
1.1	0.011
1.1	0.013
1.1	0.026
1.1	0.014
1.1	0.007
1.1	0.031
1.1	-0.001
1.1	0.028
1.1	0.035
1.1	0.041
1.1	0.013
1.1	0.015
1.2	0.008
1.2	0.010
1.2	0.000
1.2	0.015
1.2	0.010
1.2	0.009
1.2	-0.003
1.2	0.007
1.2	-0.003
1.2	0.018
1.2	0.005
1.2	0.001
1.2	0.006
1.2	0.017
1.2	0.011
1.2	0.008
1.2	0.006
1.2	-0.005
1.2	0.025
1.2	0.012
1.2	0.002
1.2	-0.011
1.2	-0.011
1.2	0.010
1.2	0.003
1.2	0.034
1.2	0.023
1.2	-0.011
1.2	-0.013
1.2	0.009
1.2	0.029
1.2	0.013
1.2	0.030
1.2	0.010
1.2	0.007
1.2	0.030
1.2	0.024
1.2	-0.007
1.2	-0.000
1.2	0.029
1.2	0.020
1.2	0.001
1.2	-0.021
1.2	0.005
1.2	-0.002
1.2	0.007
1.2	0.010
1.2	0.006
1.2	0.004
1.2	-0.012
1.2	-0.023
1.2	0.011
1.2	0.029
1.2	-0.007
1.2	-0.004
1.2	0.023
1.2	0.013
1.2	0.011
1.2	0.022
1.2	0.022
1.2	0.023
1.2	0.032
1.2	0.014
1.2	0.010
1.2	0.015
1.2	-0.000
1.2	0.010
1.2	-0.003
1.2	0.005
1.2	0.001
1.2	0.017
1.2	0.003
1.2	0.019
1.2	0.008
1.2	0.023
1.2	0.011
1.2	0.000
1.2	-0.000
1.2	0.004
1.2	0.024
1.2	0.017
1.2	0.010
1.2	0.011
1.2	0.010
1.2	0.004
1.2	0.005
1.2	0.023
1.2	0.025
1.2	0.002
1.2	0.012
1.2	-0.018
1.2	0.000
1.2	0.017
1.2	0.006
1.2	-0.002
1.2	0.010
1.2	0.023
1.2	0.006
1.2	-0.002
1.2	0.021
1.3	0.002
1.3	0.002
1.3	0.007
1.3	0.001
1.3	-0.003
1.3	0.012
1.3	0.031
1.3	0.006
1.3	0.006
1.3	0.015
1.3	0.017
1.3	0.013
1.3	0.009
1.3	0.002
1.3	0.015
1.3	0.002
1.3	0.011
1.3	0.011
1.3	-0.009
1.3	-0.010
1.3	-0.010
1.3	-0.006
1.3	-0.006
1.3	-0.002
1.3	-0.002
1.3	0.010
1.3	0.002
1.3	-0.005
1.3	0.014
1.3	-0.002
1.3	0.006
1.3	0.001
1.3	0.014
1.3	0.019
1.3	0.015
1.3	0.007
1.3	-0.002
1.3	-0.012
1.3	0.027
1.3	-0.004
1.3	0.008
1.3	-0.014
1.3	-0.024
1.3	0.007
1.3	-0.018
1.3	-0.027
1.3	-0.024
1.3	-0.019
1.3	0.010
1.3	0.001
1.3	0.004
1.3	0.005
1.3	0.029
1.3	0.021
1.3	0.010
1.3	0.024
1.3	-0.005
1.3	-0.014
1.3	-0.014
1.3	0.007
1.3	0.009
1.3	-0.003
1.3	-0.009
1.3	0.002
1.3	-0.001
1.3	0.018
1.3	0.010
1.3	-0.007
1.3	0.002
1.3	-0.006
1.3	0.005
1.3	0.004
1.3	0.016
1.3	0.015
1.3	0.003
1.3	-0.006
1.3	-0.011
1.3	-0.002
1.3	-0.000
1.3	-0.003
1.3	-0.007
1.3	0.017
1.3	0.015
1.3	-0.012
1.3	-0.026
1.3	-0.014
1.3	-0.024
1.3	0.019
1.3	0.025
1.3	0.009
1.3	0.014
1.3	0.029
1.3	0.000
1.3	-0.004
1.3	0.007
1.3	0.013
1.3	0.025
1.3	0.017
1.3	0.001
1.4	0.002
1.4	-0.008
1.4	0.024
1.4	0.011
1.4	0.008
1.4	0.019
1.4	0.001
1.4	0.022
1.4	0.016
1.4	0.018
1.4	0.031
1.4	0.041
1.4	0.029
1.4	0.011
1.4	0.008
1.4	0.015
1.4	0.014
1.4	0.019
1.4	0.025
1.4	-0.002
1.4	0.003
1.4	0.011
1.4	0.022
1.4	0.030
1.4	0.012
1.4	-0.003
1.4	-0.011
1.4	-0.026
1.4	-0.027
1.4	-0.002
1.4	-0.010
1.4	-0.003
1.4	0.001
1.4	-0.010
1.4	-0.019
1.4	-0.020
1.4	-0.016
1.4	0.002
1.4	-0.001
1.4	0.013
1.4	0.026
1.4	0.010
1.4	0.016
1.4	0.014
1.4	0.011
1.4	0.027
1.4	0.029
1.4	0.007
1.4	-0.011
1.4	0.000
1.4	0.005
1.4	-0.007
1.4	-0.006
1.4	0.005
1.4	0.024
1.4	0.019
1.4	0.025
1.4	0.004
1.4	0.017
1.4	0.004
1.4	-0.007
1.4	0.018
1.4	0.033
1.4	0.004
1.4	0.007
1.4	-0.002
1.4	-0.007
1.4	0.007
1.4	0.003
1.4	0.006
1.4	0.022
1.4	0.022
1.4	0.031
1.4	0.018
1.4	-0.016
1.4	-0.011
1.4	0.037
1.4	0.042
1.4	0.003
1.4	0.028
1.4	0.007
1.4	0.014
1.4	-0.013
1.4	-0.005
1.4	0.026
1.4	0.025
1.4	0.002
1.4	-0.004
1.4	0.005
1.4	0.020
1.4	0.018
1.4	0.019
1.4	0.009
1.4	-0.013
1.4	0.004
1.4	-0.019
1.4	0.000
1.4	-0.006
1.4	0.023
1.4	0.012
1.4	0.001
1.5	0.005
1.5	0.001
1.5	-0.023
1.5	-0.033
1.5	-0.013
1.5	-0.031
1.5	-0.040
1.5	-0.017
1.5	-0.003
1.5	0.002
1.5	-0.005
1.5	0.003
1.5	0.014
1.5	0.035
1.5	-0.006
1.5	0.013
1.5	0.009
1.5	0.019
1.5	-0.007
1.5	-0.003
1.5	-0.001
1.5	0.018
1.5	0.002
1.5	0.017
1.5	0.012
1.5	0.006
1.5	-0.002
1.5	-0.023
1.5	-0.024
1.5	0.015
1.5	0.012
1.5	0.005
1.5	-0.010
1.5	0.013
1.5	-0.005
1.5	-0.024
1.5	-0.004
1.5	0.028
1.5	0.014
1.5	0.034
1.5	0.034
1.5	0.034
1.5	-0.017
1.5	-0.023
1.5	-0.003
1.5	-0.002
1.5	-0.008
1.5	0.026
1.5	0.037
1.5	0.030
1.5	-0.011
1.5	-0.006
1.5	-0.010
1.5	0.028
1.5	0.030
1.5	0.023
1.5	0.049
1.5	0.025
1.5	0.027
1.5	0.037
1.5	0.025
1.5	0.042
1.5	0.004
1.5	0.025
1.5	0.022
1.5	0.009
1.5	-0.020
1.5	-0.007
1.5	-0.009
1.5	0.016
1.5	0.003
1.5	-0.011
1.5	0.028
1.5	0.033
1.5	0.031
1.5	0.029
1.5	0.004
1.5	0.016
1.5	0.036
1.5	0.035
1.5	0.005
1.5	-0.003
1.5	0.011
1.5	0.019
1.5	0.019
1.5	0.014
1.5	0.020
1.5	0.018
1.5	0.018
1.5	0.004
1.5	0.016
1.5	0.018
1.5	-0.006
1.5	0.015
1.5	0.010
1.5	0.016
1.5	0.007
1.5	0.009
1.5	0.012
1.6	-0.003
1.6	-0.006
1.6	-0.011
1.6	0.019
1.6	0.010
1.6	0.024
1.6	-0.001
1.6	-0.007
1.6	-0.002
1.6	0.000
1.6	-0.016
1.6	0.010
1.6	0.013
1.6	0.009
1.6	-0.001
1.6	-0.025
1.6	0.001
1.6	0.006
1.6	0.014
1.6	0.001
1.6	-0.004
1.6	0.016
1.6	0.001
1.6	0.016
1.6	0.023
1.6	0.010
1.6	0.006
1.6	-0.004
1.6	0.008
1.6	0.030
1.6	0.017
1.6	0.035
1.6	0.030
1.6	0.016
1.6	0.015
1.6	0.014
1.6	-0.016
1.6	-0.002
1.6	-0.008
1.6	-0.011
1.6	-0.006
1.6	-0.019
1.6	-0.025
1.6	-0.007
1.6	0.006
1.6	0.015
1.6	0.011
1.6	0.015
1.6	-0.003
1.6	0.009
1.6	0.022
1.6	-0.004
1.6	0.018
1.6	0.030
1.6	-0.004
1.6	0.015
1.6	0.024
1.6	-0.001
1.6	0.022
1.6	0.034
1.6	0.017
1.6	0.036
1.6	0.033
1.6	0.013
1.6	0.018
1.6	0.010
1.6	0.030
1.6	0.037
1.6	0.044
1.6	-0.014
1.6	-0.001
1.6	0.005
1.6	0.028
1.6	0.015
1.6	0.012
1.6	-0.003
1.6	0.006
1.6	0.024
1.6	0.027
1.6	0.010
1.6	-0.002
1.6	-0.014
1.6	0.001
1.6	-0.011
1.6	-0.025
1.6	-0.021
1.6	-0.037
1.6	-0.018
1.6	0.013
1.6	0.021
1.6	0.013
1.6	-0.004
1.6	0.010
1.6	-0.011
1.6	0.002
1.6	0.006
1.6	-0.007
1.6	0.004
1.6	0.007
1.6	0.034
1.6	0.015
1.7	0.030
1.7	0.030
1.7	0.014
1.7	0.001
1.7	0.024
1.7	-0.006
1.7	0.021
1.7	0.003
1.7	-0.026
1.7	-0.016
1.7	0.009
1.7	-0.010
1.7	-0.010
1.7	-0.007
1.7	-0.007
1.7	0.010
1.7	0.022
1.7	-0.002
1.7	0.008
1.7	-0.019
1.7	0.034
1.7	0.011
1.7	0.015
1.7	-0.002
1.7	-0.012
1.7	-0.015
1.7	-0.012
1.7	0.003
1.7	0.006
1.7	-0.015
1.7	0.009
1.7	0.023
1.7	-0.000
1.7	0.013
1.7	0.026
1.7	0.012
1.7	0.006
1.7	-0.016
1.7	0.029
1.7	0.008
1.7	-0.013
1.7	0.012
1.7	-0.006
1.7	0.051
1.7	0.022
1.7	0.019
1.7	0.017
1.7	-0.021
1.7	-0.031
1.7	0.007
1.7	0.021
1.7	0.024
1.7	0.009
1.7	-0.009
1.7	0.004
1.7	0.018
1.7	0.008
1.7	0.024
1.7	-0.004
1.7	-0.002
1.7	-0.011
1.7	-0.009
1.7	0.002
1.7	0.021
1.7	0.003
1.7	-0.011
1.7	0.018
1.7	-0.007
1.7	0.023
1.7	0.014
1.7	0.015
1.7	-0.001
1.7	0.025
1.7	0.001
1.7	0.014
1.7	0.004
1.7	0.036
1.7	0.011
1.7	-0.019
1.7	-0.017
1.7	0.022
1.7	0.007
1.7	0.014
1.7	0.011
1.7	0.002
1.7	-0.006
1.7	-0.021
1.7	-0.019
1.7	-0.014
1.7	-0.030
1.7	-0.008
1.7	-0.022
1.7	-0.036
1.7	-0.005
1.7	-0.016
1.7	0.006
1.7	0.030
1.7	0.028
1.7	0.019
1.8	0.015
1.8	0.027
1.8	0.031
1.8	-0.012
1.8	0.015
1.8	0.036
1.8	-0.004
1.8	0.016
1.8	-0.005
1.8	-0.005
1.8	-0.007
1.8	-0.005
1.8	-0.013
1.8	-0.024
1.8	-0.031
1.8	-0.000
1.8	0.000
1.8	0.042
1.8	0.011
1.8	0.018
1.8	0.036
1.8	0.025
1.8	0.044
1.8	0.030
1.8	0.027
1.8	0.016
1.8	0.001
1.8	0.013
1.8	0.014
1.8	-0.018
1.8	0.002
1.8	0.006
1.8	0.016
1.8	-0.005
1.8	-0.009
1.8	0.016
1.8	0.002
1.8	0.010
1.8	0.022
1.8	0.012
1.8	0.019
1.8	0.009
1.8	-0.024
1.8	-0.006
1.8	0.028
1.8	0.026
1.8	-0.007
1.8	0.012
1.8	0.018
1.8	0.012
1.8	0.021
1.8	0.023
1.8	0.014
1.8	0.001
1.8	-0.008
1.8	0.007
1.8	0.004
1.8	-0.003
1.8	0.022
1.8	-0.014
1.8	-0.019
1.8	-0.027
1.8	0.003
1.8	0.015
1.8	-0.005
1.8	0.010
1.8	0.011
1.8	0.004
1.8	0.028
1.8	0.040
1.8	0.035
1.8	0.011
1.8	0.011
1.8	0.011
1.8	0.016
1.8	0.017
1.8	0.017
1.8	0.015
1.8	-0.009
1.8	0.029
1.8	0.006
1.8	0.005
1.8	-0.004
1.8	0.007
1.8	0.001
1.8	0.012
1.8	0.019
1.8	-0.019
1.8	-0.005
1.8	0.004
1.8	0.007
1.8	0.004
1.8	0.016
1.8	0.003
1.8	0.026
1.8	0.032
1.8	0.044
1.8	0.022
1.8	0.012
1.8	-0.005
1.9	0.019
1.9	-0.001
1.9	0.011
1.9	0.010
1.9	0.014
1.9	-0.014
1.9	-0.011
1.9	-0.012
1.9	0.002
1.9	-0.009
1.9	0.009
1.9	-0.003
1.9	0.027
1.9	0.027
1.9	0.013
1.9	0.022
1.9	0.021
1.9	0.035
1.9	0.004
1.9	0.033
1.9	0.004
1.9	0.002
1.9	0.013
1.9	0.005
1.9	0.005
1.9	0.028
1.9	0.035
1.9	0.003
1.9	-0.010
1.9	-0.006
1.9	0.014
1.9	0.002
1.9	0.009
1.9	0.011
1.9	0.018
1.9	0.001
1.9	0.003
1.9	-0.011
1.9	-0.016
1.9	0.003
1.9	0.019
1.9	-0.000
1.9	-0.012
1.9	0.012
1.9	0.026
1.9	0.031
1.9	0.012
1.9	0.011
1.9	0.025
1.9	0.024
1.9	0.015
1.9	0.011
1.9	0.005
1.9	0.012
1.9	-0.005
1.9	-0.019
1.9	0.022
1.9	-0.001
1.9	0.015
1.9	0.003
1.9	-0.010
1.9	0.000
1.9	-0.024
1.9	0.005
1.9	0.013
1.9	0.007
1.9	-0.007
1.9	-0.025
1.9	-0.014
1.9	-0.013
1.9	0.016
1.9	0.005
1.9	-0.012
1.9	-0.004
1.9	0.023
1.9	0.042
1.9	0.030
1.9	0.030
1.9	0.049
1.9	0.036
1.9	0.020
1.9	-0.011
1.9	-0.014
1.9	-0.005
1.9	0.008
1.9	0.027
1.9	0.013
1.9	0.007
1.9	-0.026
1.9	-0.014
1.9	0.005
1.9	0.021
1.9	0.015
1.9	-0.009
1.9	0.006
1.9	0.003
1.9	-0.014
1.9	-0.018
1.9	0.002
1.9	-0.012
1.9	-0.008
2.0	0.005
2.0	-0.001
2.0	-0.023
2.0	-0.005
2.0	0.006
2.0	-0.006
2.0	-0.020
2.0	-0.004
2.0	-0.007
2.0	-0.003
2.0	0.011
2.0	-0.002
2.0	-0.013
2.0	0.006
2.0	-0.015
2.0	-0.024
2.0	0.025
2.0	0.024
2.0	-0.008
2.0	0.004
2.0	0.015
2.0	0.004
2.0	0.035
2.0	0.024
2.0	0.008
2.0	-0.036
2.0	-0.017
2.0	-0.015
2.0	-0.013
2.0	0.016
2.0	0.007
2.0	-0.020
2.0	-0.019
2.0	0.005
2.0	0.012
2.0	0.013
2.0	0.019
2.0	0.008
2.0	0.018
2.0	0.017
2.0	-0.000
2.0	0.012
2.0	0.014
2.0	0.025
2.0	0.006
2.0	0.016
2.0	0.003
2.0	0.018
2.0	0.021
2.0	0.035
2.0	0.010
2.0	-0.000
2.0	-0.011
2.0	-0.002
2.0	0.003
2.0	0.002
2.0	0.010
2.0	0.029
2.0	0.024
2.0	-0.006
2.0	0.001
2.0	0.005
2.0	-0.005
2.0	0.004
2.0	0.017
2.0	0.014
2.0	0.031
2.0	0.011
2.0	0.017
2.0	0.020
2.0	0.010
2.0	0.023
2.0	-0.003
2.0	-0.000
2.0	-0.005
2.0	0.018
2.0	0.008
2.0	0.015
2.0	0.013
2.0	0.023
2.0	0.010
2.0	-0.023
2.0	0.015
2.0	0.012
2.0	0.006
2.0	-0.002
2.0	0.009
2.0	0.015
2.0	-0.009
2.0	0.016
2.0	-0.007
2.0	-0.009
2.0	-0.007
2.0	-0.004
2.0	0.013
2.0	0.021
2.0	0.012
2.0	-0.014
2.0	-0.010
2.0	-0.017
2.1	-0.013
2.1	-0.012
2.1	0.007
2.1	-0.000
2.1	-0.008
2.1	0.012
2.1	0.014
2.1	-0.005
2.1	-0.005
2.1	-0.018
2.1	0.013
2.1	-0.005
2.1	-0.017
2.1	-0.015
2.1	-0.009
2.1	0.020
2.1	-0.006
2.1	0.006
2.1	0.000
2.1	-0.021
2.1	0.021
2.1	-0.015
2.1	-0.004
2.1	0.013
2.1	0.033
2.1	0.017
2.1	0.025
2.1	0.025
2.1	0.016
2.1	0.025
2.1	-0.004
2.1	-0.003
2.1	0.018
2.1	0.009
2.1	0.020
2.1	-0.022
2.1	-0.004
2.1	-0.002
2.1	-0.006
2.1	-0.005
2.1	0.014
2.1	0.043
2.1	0.015
2.1	0.006
2.1	0.023
2.1	-0.012
2.1	0.024
2.1	0.022
2.1	0.005
2.1	-0.001
2.1	0.005
2.1	-0.014
2.1	-0.010
2.1	0.016
2.1	0.004
2.1	-0.003
2.1	-0.009
2.1	-0.011
2.1	0.006
2.1	-0.004
2.1	0.002
2.1	0.023
2.1	0.032
2.1	0.004
2.1	-0.019
2.1	0.016
2.1	0.014
2.1	0.001
2.1	-0.004
2.1	-0.016
2.1	0.024
2.1	0.016
2.1	-0.020
2.1	0.009
2.1	-0.024
2.1	-0.006
2.1	0.026
2.1	0.014
2.1	-0.012
2.1	-0.025
2.1	0.016
2.1	0.020
2.1	0.026
2.1	-0.003
2.1	0.038
2.1	-0.004
2.1	-0.010
2.1	0.008
2.1	-0.013
2.1	-0.023
2.1	-0.007
2.1	0.001
2.1	0.002
2.1	-0.017
2.1	0.032
2.1	0.018
2.1	0.004
2.1	0.012
2.1	0.010
2.1	0.013
2.2	-0.002
2.2	0.032
2.2	0.017
2.2	0.008
2.2	0.021
2.2	-0.004
2.2	0.001
2.2	0.004
2.2	0.022
2.2	0.027
2.2	0.023
2.2	-0.004
2.2	0.042
2.2	0.020
2.2	0.037
2.2	0.005
2.2	0.004
2.2	0.018
2.2	-0.005
2.2	0.017
2.2	0.003
2.2	-0.008
2.2	0.021
2.2	-0.014
2.2	-0.016
2.2	0.018
2.2	0.013
2.2	0.008
2.2	0.016
2.2	-0.002
2.2	-0.003
2.2	0.022
2.2	-0.020
2.2	0.010
2.2	0.024
2.2	0.002
2.2	0.008
2.2	-0.004
2.2	0.020
2.2	0.018
2.2	0.004
2.2	-0.006
2.2	-0.016
2.2	-0.021
2.2	-0.007
2.2	0.015
2.2	0.021
2.2	-0.009
2.2	-0.003
2.2	-0.001
2.2	0.033
2.2	0.012
2.2	0.017
2.2	0.004
2.2	-0.013
2.2	0.001
2.2	-0.022
2.2	-0.010
2.2	-0.007
2.2	-0.000
2.2	0.018
2.2	0.012
2.2	0.009
2.2	0.012
2.2	-0.001
2.2	0.011
2.2	0.014
2.2	-0.004
2.2	0.011
2.2	0.006
2.2	0.001
2.2	-0.020
2.2	-0.022
2.2	0.005
2.2	-0.008
2.2	-0.009
2.2	-0.009
2.2	-0.001
2.2	-0.006
2.2	-0.013
2.2	0.010
2.2	-0.005
2.2	-0.017
2.2	-0.007
2.2	-0.023
2.2	-0.007
2.2	0.019
2.2	0.002
2.2	0.019
2.2	-0.004
2.2	0.020
2.2	0.013
2.2	-0.006
2.2	0.001
2.2	0.014
2.2	0.022
2.2	0.028
2.2	0.014
2.2	0.005
2.2	-0.003
2.3	-0.008
2.3	0.027
2.3	0.032
2.3	0.004
2.3	0.004
2.3	-0.001
2.3	0.027
2.3	0.026
2.3	0.005
2.3	0.010
2.3	-0.008
2.3	-0.009
2.3	0.015
2.3	0.031
2.3	0.004
2.3	0.020
2.3	0.006
2.3	-0.000
2.3	-0.010
2.3	-0.016
2.3	-0.010
2.3	-0.008
2.3	0.029
2.3	0.006
2.3	0.021
2.3	0.012
2.3	0.018
2.3	0.008
2.3	0.006
2.3	0.002
2.3	0.026
2.3	0.019
2.3	0.020
2.3	0.004
2.3	0.010
2.3	-0.011
2.3	0.020
2.3	0.025
2.3	0.005
2.3	0.021
2.3	0.023
2.3	0.025
2.3	-0.002
2.3	-0.018
2.3	-0.010
2.3	-0.010
2.3	-0.018
2.3	0.014
2.3	0.028
2.3	-0.002
2.3	-0.001
2.3	0.011
2.3	0.004
2.3	0.008
2.3	-0.017
2.3	0.022
2.3	0.009
2.3	0.019
2.3	0.013
2.3	0.003
2.3	0.022
2.3	0.011
2.3	0.015
2.3	0.019
2.3	0.003
2.3	0.006
2.3	0.002
2.3	0.021
2.3	0.014
2.3	0.015
2.3	0.007
2.3	0.006
2.3	-0.011
2.3	0.008
2.3	0.001
2.3	-0.014
2.3	-0.019
2.3	0.010
2.3	-0.011
2.3	0.025
2.3	0.025
2.3	0.014
2.3	-0.001
2.3	-0.008
2.3	0.012
2.3	-0.003
2.3	0.022
2.3	0.027
2.3	0.031
2.3	-0.002
2.3	-0.007
2.3	0.007
2.3	0.005
2.3	-0.004
2.3	-0.022
2.3	-0.024
2.3	-0.012
2.3	0.025
2.3	0.022
2.4	0.026
2.4	-0.008
2.4	-0.008
2.4	-0.024
2.4	-0.030
2.4	-0.000
2.4	0.016
2.4	0.009
2.4	0.002
2.4	0.013
2.4	0.008
2.4	0.027
2.4	0.026
2.4	0.042
2.4	0.018
2.4	-0.000
2.4	0.032
2.4	0.038
2.4	0.012
2.4	0.009
2.4	0.008
2.4	-0.014
2.4	-0.007
2.4	-0.027
2.4	-0.000
2.4	-0.032
2.4	-0.002
2.4	-0.021
2.4	0.013
2.4	0.037
2.4	0.027
2.4	-0.002
2.4	0.007
2.4	-0.012
2.4	0.015
2.4	0.009
2.4	0.002
2.4	-0.016
2.4	0.001
2.4	0.008
2.4	-0.000
2.4	0.011
2.4	0.002
2.4	0.016
2.4	0.005
2.4	-0.010
2.4	0.009
2.4	0.006
2.4	-0.003
2.4	0.012
2.4	0.002
2.4	0.016
2.4	-0.001
2.4	0.031
2.4	0.015
2.4	0.018
2.4	-0.004
2.4	0.001
2.4	0.014
2.4	0.025
2.4	0.007
2.4	0.005
2.4	0.008
2.4	0.002
2.4	0.007
2.4	-0.007
2.4	0.010
2.4	0.030
2.4	0.007
2.4	0.056
2.4	0.013
2.4	0.024
2.4	0.026
2.4	0.022
2.4	-0.003
2.4	0.032
2.4	0.021
2.4	-0.003
2.4	-0.001
2.4	-0.000
2.4	-0.009
2.4	0.029
2.4	0.017
2.4	0.023
2.4	0.037
2.4	0.001
2.4	-0.024
2.4	-0.001
2.4	-0.013
2.4	0.010
2.4	0.010
2.4	0.021
2.4	0.009
2.4	-0.013
2.4	-0.005
2.4	0.008
2.4	-0.002
2.4	0.012
2.4	0.016
2.4	0.005
2.5	0.026
2.5	0.004
2.5	0.017
2.5	0.029
2.5	0.006
2.5	0.026
2.5	0.022
2.5	-0.017
2.5	0.014
2.5	-0.004
2.5	0.029
2.5	0.035
2.5	0.034
2.5	-0.000
2.5	0.016
2.5	0.016
2.5	0.004
2.5	-0.011
2.5	-0.003
2.5	-0.015
2.5	-0.003
2.5	-0.001
2.5	-0.022
2.5	-0.019
2.5	0.049
2.5	0.020
2.5	0.019
2.5	0.043
2.5	0.027
2.5	-0.008
2.5	-0.003
2.5	0.034
2.5	0.038
2.5	0.023
2.5	-0.004
2.5	0.044
2.5	0.024
2.5	0.001
2.5	0.009
2.5	-0.003
2.5	0.033
2.5	-0.010
2.5	-0.022
2.5	-0.026
2.5	0.038
2.5	0.042
2.5	0.035
2.5	0.007
2.5	0.014
2.5	-0.006
2.5	0.036
2.5	0.047
2.5	0.019
2.5	0.025
2.5	0.011
2.5	-0.016
2.5	0.012
2.5	0.010
2.5	0.014
2.5	-0.013
2.5	0.015
2.5	0.012
2.5	-0.010
2.5	-0.003
2.5	0.006
2.5	-0.005
2.5	-0.013
2.5	0.002
2.5	0.007
2.5	0.011
2.5	-0.000
2.5	0.026
2.5	0.010
2.5	-0.012
2.5	0.012
2.5	0.025
2.5	0.010
2.5	-0.001
2.5	0.031
2.5	0.030
2.5	0.030
2.5	0.012
2.5	0.003
2.5	-0.021
2.5	0.031
2.5	0.017
2.5	0.008
2.5	-0.005
2.5	-0.023
2.5	-0.028
2.5	0.002
2.5	0.005
2.5	-0.017
2.5	-0.008
2.5	0.019
2.5	0.025
2.5	0.030
2.5	0.028
2.5	-0.014
2.5	-0.006
2.5	-0.006
2.6	-0.002
2.6	-0.022
2.6	0.022
2.6	0.019
2.6	0.050
2.6	0.020
2.6	0.009
2.6	-0.007
2.6	-0.016
2.6	-0.008
2.6	-0.002
2.6	-0.005
2.6	-0.007
2.6	-0.023
2.6	0.006
2.6	0.019
2.6	0.048
2.6	0.023
2.6	-0.005
2.6	-0.009
2.6	0.001
2.6	0.005
2.6	0.010
2.6	0.023
2.6	0.010
2.6	0.012
2.6	0.019
2.6	-0.016
2.6	-0.019
2.6	-0.020
2.6	-0.011
2.6	-0.009
2.6	-0.018
2.6	0.009
2.6	-0.007
2.6	0.004
2.6	0.012
2.6	0.008
2.6	0.015
2.6	-0.017
2.6	-0.026
2.6	-0.025
2.6	-0.024
2.6	0.004
2.6	0.017
2.6	0.003
2.6	0.006
2.6	-0.000
2.6	-0.005
2.6	-0.014
2.6	0.030
2.6	0.010
2.6	-0.002
2.6	0.005
2.6	0.013
2.6	0.015
2.6	0.006
2.6	0.002
2.6	0.003
2.6	0.009
2.6	0.005
2.6	0.032
2.6	0.030
2.6	-0.013
2.6	0.005
2.6	0.008
2.6	-0.003
2.6	0.041
2.6	-0.001
2.6	0.038
2.6	0.024
2.6	-0.012
2.6	-0.010
2.6	-0.010
2.6	-0.022
2.6	-0.013
2.6	-0.008
2.6	-0.011
2.6	-0.021
2.6	-0.002
2.6	0.013
2.6	0.016
2.6	0.009
2.6	0.004
2.6	-0.023
2.6	-0.021
2.6	-0.015
2.6	-0.020
2.6	-0.027
2.6	0.022
2.6	0.001
2.6	0.010
2.6	-0.006
2.6	0.029
2.6	0.024
2.6	0.027
2.6	-0.005
2.6	-0.029
2.6	-0.017
2.7	-0.006
2.7	-0.010
2.7	0.037
2.7	0.018
2.7	0.028
2.7	-0.009
2.7	-0.033
2.7	-0.030
2.7	-0.019
2.7	0.003
2.7	0.007
2.7	0.004
2.7	0.022
2.7	0.025
2.7	0.002
2.7	0.006
2.7	0.009
2.7	0.006
2.7	0.010
2.7	-0.017
2.7	-0.013
2.7	-0.017
2.7	0.003
2.7	-0.012
2.7	0.023
2.7	0.017
2.7	0.007
2.7	0.013
2.7	0.016
2.7	0.010
2.7	-0.009
2.7	0.011
2.7	0.004
2.7	-0.013
2.7	0.022
2.7	0.031
2.7	0.020
2.7	0.030
2.7	0.028
2.7	0.002
2.7	0.021
2.7	-0.010
2.7	0.033
2.7	0.022
2.7	-0.004
2.7	0.004
2.7	-0.003
2.7	-0.016
2.7	0.013
2.7	0.024
2.7	0.009
2.7	0.022
2.7	0.004
2.7	0.016
2.7	-0.003
2.7	0.029
2.7	0.041
2.7	0.033
2.7	-0.004
2.7	-0.011
2.7	-0.025
2.7	-0.027
2.7	-0.019
2.7	-0.013
2.7	-0.008
2.7	0.017
2.7	0.025
2.7	0.017
2.7	-0.008
2.7	-0.007
2.7	0.026
2.7	0.024
2.7	0.018
2.7	0.005
2.7	0.025
2.7	-0.001
2.7	-0.006
2.7	-0.028
2.7	-0.012
2.7	-0.005
2.7	0.015
2.7	0.009
2.7	0.011
2.7	-0.020
2.7	-0.007
2.7	-0.004
2.7	-0.007
2.7	0.001
2.7	0.005
2.7	0.016
2.7	-0.000
2.7	0.042
2.7	0.014
2.7	0.013
2.7	0.015
2.7	0.023
2.7	-0.014
2.7	-0.007
2.7	0.001
2.7	0.016
2.8	0.021
2.8	0.005
2.8	-0.012
2.8	-0.006
2.8	-0.009
2.8	0.028
2.8	0.005
2.8	-0.019
2.8	-0.011
2.8	-0.001
2.8	-0.010
2.8	0.009
2.8	0.009
2.8	0.016
2.8	-0.006
2.8	-0.011
2.8	0.015
2.8	0.003
2.8	0.002
2.8	0.008
2.8	-0.029
2.8	0.001
2.8	0.026
2.8	0.023
2.8	0.022
2.8	0.016
2.8	-0.001
2.8	0.008
2.8	-0.016
2.8	0.013
2.8	0.017
2.8	0.023
2.8	0.007
2.8	0.019
2.8	0.014
2.8	0.037
2.8	0.009
2.8	0.015
2.8	0.027
2.8	0.017
2.8	0.001
2.8	-0.008
2.8	-0.015
2.8	-0.013
2.8	0.009
2.8	0.003
2.8	0.015
2.8	0.002
2.8	0.029
2.8	0.012
2.8	-0.007
2.8	-0.034
2.8	-0.012
2.8	-0.018
2.8	0.002
2.8	-0.009
2.8	-0.005
2.8	0.036
2.8	-0.006
2.8	-0.015
2.8	-0.002
2.8	0.014
2.8	0.014
2.8	-0.018
2.8	0.001
2.8	0.010
2.8	0.019
2.8	0.006
2.8	-0.000
2.8	-0.009
2.8	-0.002
2.8	-0.002
2.8	0.021
2.8	0.020
2.8	0.026
2.8	-0.005
2.8	-0.009
2.8	-0.002
2.8	0.011
2.8	0.023
2.8	0.021
2.8	0.014
2.8	0.017
2.8	0.017
2.8	-0.001
2.8	-0.017
2.8	-0.025
2.8	0.022
2.8	0.006
2.8	0.015
2.8	0.022
2.8	0.013
2.8	-0.008
2.8	-0.019
2.8	-0.005
2.8	0.039
2.8	0.020
2.8	0.025
2.8	0.004
2.8	0.004
2.9	-0.002
2.9	0.011
2.9	0.017
2.9	-0.004
2.9	0.000
2.9	0.005
2.9	-0.013
2.9	-0.004
2.9	0.017
2.9	-0.005
2.9	0.010
2.9	-0.003
2.9	0.021
2.9	-0.010
2.9	-0.018
2.9	-0.018
2.9	-0.030
2.9	0.006
2.9	-0.008
2.9	-0.012
2.9	-0.016
2.9	-0.009
2.9	-0.012
2.9	-0.014
2.9	-0.021
2.9	0.021
2.9	0.008
2.9	0.017
2.9	0.023
2.9	0.017
2.9	0.039
2.9	0.035
2.9	0.046
2.9	0.003
2.9	0.017
2.9	0.018
2.9	-0.004
2.9	0.038
2.9	0.001
2.9	0.018
2.9	0.037
2.9	0.033
2.9	0.022
2.9	0.008
2.9	0.023
2.9	-0.002
2.9	0.001
2.9	0.001
2.9	0.028
2.9	0.017
2.9	0.012
2.9	-0.026
2.9	0.024
2.9	-0.003
2.9	0.011
2.9	0.020
2.9	0.023
2.9	-0.009
2.9	-0.012
2.9	0.037
2.9	0.008
2.9	0.001
2.9	0.024
2.9	0.001
2.9	0.018
2.9	-0.013
2.9	-0.017
2.9	-0.011
2.9	0.021
2.9	-0.013
2.9	0.008
2.9	0.000
2.9	-0.026
2.9	-0.024
2.9	-0.003
2.9	0.000
2.9	0.006
2.9	-0.007
2.9	-0.008
2.9	0.018
2.9	0.013
2.9	-0.009
2.9	-0.014
2.9	-0.017
2.9	-0.015
2.9	-0.036
2.9	0.011
2.9	0.019
2.9	0.002
2.9	-0.012
2.9	-0.050
2.9	0.010
2.9	0.021
2.9	0.016
2.9	0.021
2.9	0.029
2.9	0.037
2.9	0.018
2.9	0.032
2.9	0.014
3.0	0.018
3.0	0.002
3.0	0.025
3.0	0.006
3.0	0.013
3.0	0.004
3.0	-0.004
3.0	-0.001
3.0	0.040
3.0	0.036
3.0	0.024
3.0	0.012
3.0	0.020
3.0	0.008
3.0	0.018
3.0	0.011
3.0	-0.017
3.0	-0.018
3.0	-0.006
3.0	0.003
3.0	0.007
3.0	0.012
3.0	0.011
3.0	0.008
3.0	-0.005
3.0	0.010
3.0	0.001
3.0	-0.007
3.0	0.007
3.0	0.009
3.0	0.030
3.0	0.008
3.0	0.007
3.0	-0.008
3.0	-0.009
3.0	-0.003
3.0	-0.017
3.0	0.034
3.0	0.010
3.0	0.021
3.0	0.020
3.0	0.005
3.0	-0.010
3.0	-0.013
3.0	0.011
3.0	-0.004
3.0	0.007
3.0	-0.032
3.0	-0.028
3.0	0.006
3.0	-0.005
3.0	0.014
3.0	0.009
3.0	-0.010
3.0	-0.016
3.0	-0.011
3.0	-0.008
3.0	0.016
3.0	-0.005
3.0	-0.010
3.0	-0.013
3.0	0.003
3.0	0.007
3.0	0.048
3.0	0.011
3.0	0.024
3.0	0.005
3.0	-0.001
3.0	-0.016
3.0	-0.023
3.0	0.022
3.0	0.015
3.0	0.006
3.0	0.014
3.0	0.017
3.0	0.036
3.0	0.021
3.0	0.014
3.0	0.011
3.0	-0.018
3.0	0.010
3.0	0.009
3.0	-0.012
3.0	0.023
3.0	0.020
3.0	0.002
3.0	-0.012
3.0	-0.008
3.0	-0.018
3.0	-0.019
3.0	0.003
3.0	-0.009
3.0	0.004
3.0	0.014
3.0	0.023
3.0	-0.006
3.0	0.015
3.0	0.008
3.0	0.006
3.0	-0.013
3.1	-0.013
3.1	0.013
3.1	-0.004
3.1	0.000
3.1	0.001
3.1	-0.009
3.1	0.018
3.1	0.020
3.1	0.009
3.1	-0.019
3.1	0.004
3.1	0.022
3.1	0.010
3.1	0.037
3.1	0.015
3.1	-0.006
3.1	0.002
3.1	0.013
3.1	0.001
3.1	-0.009
3.1	-0.020
3.1	-0.008
3.1	-0.042
3.1	0.002
3.1	0.001
3.1	0.028
3.1	0.025
3.1	0.021
3.1	-0.001
3.1	0.006
3.1	0.021
3.1	0.002
3.1	-0.006
3.1	-0.016
3.1	-0.008
3.1	0.028
3.1	0.027
3.1	0.022
3.1	0.006
3.1	0.007
3.1	0.036
3.1	-0.008
3.1	0.004
3.1	0.014
3.1	0.053
3.1	0.004
3.1	-0.024
3.1	-0.026
3.1	0.021
3.1	0.027
3.1	0.017
3.1	0.029
3.1	0.003
3.1	0.016
3.1	0.017
3.1	0.001
3.1	0.011
3.1	0.011
3.1	-0.006
3.1	0.005
3.1	0.007
3.1	0.005
3.1	0.024
3.1	0.029
3.1	0.013
3.1	0.031
3.1	0.027
3.1	0.004
3.1	0.015
3.1	0.034
3.1	0.001
3.1	0.001
3.1	0.029
3.1	0.021
3.1	0.035
3.1	0.028
3.1	0.018
3.1	0.026
3.1	0.008
3.1	0.011
3.1	0.016
3.1	0.038
3.1	0.002
3.1	-0.002
3.1	0.002
3.1	-0.008
3.1	-0.007
3.1	0.020
3.1	0.034
3.1	0.027
3.1	0.002
3.1	0.034
3.1	0.024
3.1	-0.010
3.1	-0.024
3.1	-0.026
3.1	-0.020
3.1	-0.008
3.1	0.005
3.1	0.027
3.2	0.040
3.2	0.027
3.2	0.048
3.2	0.028
3.2	0.036
3.2	0.015
3.2	0.007
3.2	0.001
3.2	-0.006
3.2	-0.006
3.2	0.004
3.2	-0.015
3.2	-0.021
3.2	-0.032
3.2	-0.009
3.2	-0.007
3.2	0.022
3.2	0.017
3.2	0.021
3.2	-0.004
3.2	-0.001
3.2	-0.001
3.2	0.018
3.2	0.022
3.2	0.008
3.2	0.008
3.2	0.012
3.2	0.004
3.2	0.027
3.2	0.003
3.2	0.008
3.2	0.005
3.2	0.017
3.2	0.002
3.2	-0.002
3.2	0.001
3.2	-0.007
3.2	0.004
3.2	0.005
3.2	0.019
3.2	0.009
3.2	0.011
3.2	0.019
3.2	0.011
3.2	0.007
3.2	-0.002
3.2	0.016
3.2	0.006
3.2	0.007
3.2	-0.010
3.2	0.007
3.2	-0.002
3.2	-0.008
3.2	0.009
3.2	0.002
3.2	-0.002
3.2	0.006
3.2	0.008
3.2	-0.010
3.2	0.001
3.2	-0.009
3.2	0.005
3.2	0.015
3.2	0.040
3.2	0.018
3.2	0.023
3.2	0.023
3.2	0.021
3.2	-0.000
3.2	0.005
3.2	0.011
3.2	0.013
3.2	0.011
3.2	-0.004
3.2	0.011
3.2	0.012
3.2	-0.005
3.2	0.001
3.2	0.021
3.2	0.020
3.2	-0.006
3.2	0.025
3.2	0.012
3.2	0.014
3.2	0.005
3.2	-0.004
3.2	-0.000
3.2	-0.005
3.2	-0.014
3.2	-0.006
3.2	-0.005
3.2	-0.016
3.2	-0.002
3.2	-0.012
3.2	-0.001
3.2	0.023
3.2	0.004
3.2	-0.010
3.2	-0.010
3.2	0.001
3.2	0.023
3.3	0.012
3.3	-0.002
3.3	0.013
3.3	0.021
3.3	-0.001
3.3	0.036
3.3	0.052
3.3	0.022
3.3	0.011
3.3	-0.002
3.3	-0.008
3.3	0.010
3.3	-0.005
3.3	-0.004
3.3	0.006
3.3	0.012
3.3	0.021
3.3	-0.006
3.3	-0.006
3.3	0.002
3.3	0.006
3.3	0.010
3.3	0.002
3.3	0.001
3.3	0.011
3.3	0.011
3.3	0.003
3.3	0.022
3.3	0.009
3.3	0.008
3.3	0.030
3.3	0.031
3.3	0.024
3.3	-0.002
3.3	-0.006
3.3	-0.002
3.3	0.013
3.3	-0.022
3.3	-0.006
3.3	0.003
3.3	-0.010
3.3	0.008
3.3	0.011
3.3	-0.000
3.3	-0.027
3.3	0.005
3.3	-0.006
3.3	-0.010
3.3	-0.002
3.3	-0.002
3.3	0.019
3.3	0.010
3.3	0.039
3.3	0.019
3.3	-0.012
3.3	0.019
3.3	0.012
3.3	0.015
3.3	0.005
3.3	-0.009
3.3	0.016
3.3	0.034
3.3	0.007
3.3	0.025
3.3	0.006
3.3	0.006
3.3	-0.010
3.3	-0.021
3.3	0.004
3.3	0.005
3.3	0.003
3.3	-0.020
3.3	0.002
3.3	0.035
3.3	0.028
3.3	0.028
3.3	0.033
3.3	0.026
3.3	0.011
3.3	0.003
3.3	0.008
3.3	0.005
3.3	0.001
3.3	-0.015
3.3	-0.007
3.3	-0.037
3.3	-0.005
3.3	-0.024
3.3	0.011
3.3	-0.003
3.3	-0.011
3.3	0.023
3.3	0.009
3.3	-0.004
3.3	-0.003
3.3	0.019
3.3	0.006
3.3	-0.020
3.3	-0.014
3.4	0.002
3.4	0.009
3.4	0.020
3.4	0.015
3.4	0.010
3.4	0.050
3.4	0.030
3.4	0.006
3.4	-0.005
3.4	0.013
3.4	-0.001
3.4	0.002
3.4	-0.001
3.4	0.010
3.4	0.002
3.4	0.010
3.4	0.002
3.4	0.018
3.4	0.014
3.4	0.017
3.4	0.015
3.4	-0.018
3.4	-0.020
3.4	0.021
3.4	0.001
3.4	-0.007
3.4	-0.019
3.4	-0.013
3.4	-0.008
3.4	-0.026
3.4	0.015
3.4	0.026
3.4	0.026
3.4	0.007
3.4	-0.007
3.4	-0.007
3.4	-0.017
3.4	-0.014
3.4	0.014
3.4	0.003
3.4	0.010
3.4	0.002
3.4	0.007
3.4	0.020
3.4	0.032
3.4	0.023
3.4	0.025
3.4	0.024
3.4	0.014
3.4	0.019
3.4	0.004
3.4	0.007
3.4	0.006
3.4	-0.006
3.4	0.012
3.4	-0.004
3.4	-0.023
3.4	0.001
3.4	0.018
3.4	-0.009
3.4	-0.019
3.4	0.006
3.4	0.030
3.4	0.059
3.4	0.017
3.4	0.005
3.4	0.014
3.4	0.020
3.4	0.011
3.4	0.032
3.4	0.015
3.4	0.029
3.4	0.026
3.4	0.007
3.4	-0.012
3.4	-0.009
3.4	0.023
3.4	0.030
3.4	0.038
3.4	0.030
3.4	0.033
3.4	0.053
3.4	0.026
3.4	0.035
3.4	0.044
3.4	0.047
3.4	0.017
3.4	0.037
3.4	0.037
3.4	0.045
3.4	0.053
3.4	0.025
3.4	0.020
3.4	0.017
3.4	0.026
3.4	0.018
3.4	0.015
3.4	0.027
3.4	0.054
3.5	0.073
3.5	0.061
3.5	0.042
3.5	0.030
3.5	0.025
3.5	0.024
3.5	0.034
3.5	0.030
3.5	0.032
3.5	0.008
3.5	0.020
3.5	0.039
3.5	0.023
3.5	0.042
3.5	0.051
3.5	0.030
3.5	0.021
3.5	0.039
3.5	0.065
3.5	0.049
3.5	0.051
3.5	0.037
3.5	0.058
3.5	0.068
3.5	0.049
3.5	0.035
3.5	0.066
3.5	0.076
3.5	0.063
3.5	0.057
3.5	0.075
3.5	0.070
3.5	0.050
3.5	0.038
3.5	0.066
3.5	0.052
3.5	0.036
3.5	0.038
3.5	0.040
3.5	0.061
3.5	0.072
3.5	0.061
3.5	0.052
3.5	0.071
3.5	0.032
3.5	0.071
3.5	0.079
3.5	0.045
3.5	0.085
3.5	0.071
3.5	0.092
3.5	0.055
3.5	0.088
3.5	0.097
3.5	0.084
3.5	0.077
3.5	0.083
3.5	0.061
3.5	0.050
3.5	0.045
3.5	0.038
3.5	0.039
3.5	0.076
3.5	0.106
3.5	0.084
3.5	0.071
3.5	0.085
3.5	0.053
3.5	0.101
3.5	0.080
3.5	0.087
3.5	0.093
3.5	0.073
3.5	0.070
3.5	0.060
3.5	0.069
3.5	0.077
3.5	0.079
3.5	0.052
3.5	0.061
3.5	0.048
3.5	0.082
3.5	0.059
3.5	0.056
3.5	0.069
3.5	0.067
3.5	0.087
3.5	0.108
3.5	0.075
3.5	0.052
3.5	0.069
3.5	0.078
3.5	0.077
3.5	0.063
3.5	0.048
3.5	0.085
3.5	0.073
3.5	0.090
3.5	0.079
3.5	0.070
3.5	0.070
3.6	0.095
3.6	0.076
3.6	0.060
3.6	0.059
3.6	0.081
3.6	0.076
3.6	0.090
3.6	0.103
3.6	0.093
3.6	0.079
3.6	0.088
3.6	0.090
3.6	0.075
3.6	0.088
3.6	0.067
3.6	0.074
3.6	0.089
3.6	0.064
3.6	0.071
3.6	0.094
3.6	0.100
3.6	0.075
3.6	0.069
3.6	0.110
3.6	0.078
3.6	0.088
3.6	0.066
3.6	0.071
3.6	0.109
3.6	0.080
3.6	0.106
3.6	0.083
3.6	0.090
3.6	0.071
3.6	0.067
3.6	0.073
3.6	0.068
3.6	0.089
3.6	0.072
3.6	0.062
3.6	0.073
3.6	0.066
3.6	0.062
3.6	0.090
3.6	0.092
3.6	0.082
3.6	0.089
3.6	0.081
3.6	0.079
3.6	0.079
3.6	0.086
3.6	0.076
3.6	0.077
3.6	0.072
3.6	0.103
3.6	0.091
3.6	0.077
3.6	0.094
3.6	0.077
3.6	0.085
3.6	0.070
3.6	0.096
3.6	0.089
3.6	0.091
3.6	0.066
3.6	0.093
3.6	0.113
3.6	0.095
3.6	0.104
3.6	0.087
3.6	0.078
3.6	0.084
3.6	0.097
3.6	0.110
3.6	0.113
3.6	0.096
3.6	0.075
3.6	0.082
3.6	0.094
3.6	0.091
3.6	0.096
3.6	0.076
3.6	0.091
3.6	0.102
3.6	0.082
3.6	0.090
3.6	0.078
3.6	0.087
3.6	0.095
3.6	0.084
3.6	0.072
3.6	0.087
3.6	0.099
3.6	0.100
3.6	0.121
3.6	0.129
3.6	0.115
3.6	0.109
3.6	0.119
3.6	0.115
3.7	0.095
3.7	0.104
3.7	0.092
3.7	0.105
3.7	0.107
3.7	0.091
3.7	0.094
3.7	0.103
3.7	0.117
3.7	0.081
3.7	0.068
3.7	0.083
3.7	0.088
3.7	0.105
3.7	0.114
3.7	0.087
3.7	0.095
3.7	0.099
3.7	0.086
3.7	0.084
3.7	0.097
3.7	0.135
3.7	0.117
3.7	0.122
3.7	0.086
3.7	0.085
3.7	0.128
3.7	0.109
3.7	0.090
3.7	0.097
3.7	0.087
3.7	0.097
3.7	0.119
3.7	0.121
3.7	0.121
3.7	0.133
3.7	0.112
3.7	0.082
3.7	0.085
3.7	0.080
3.7	0.076
3.7	0.109
3.7	0.089
3.7	0.097
3.7	0.089
3.7	0.096
3.7	0.101
3.7	0.107
3.7	0.083
3.7	0.093
3.7	0.072
3.7	0.094
3.7	0.070
3.7	0.090
3.7	0.104
3.7	0.100
3.7	0.098
3.7	0.108
3.7	0.103
3.7	0.106
3.7	0.087
3.7	0.095
3.7	0.074
3.7	0.127
3.7	0.100
3.7	0.084
3.7	0.120
3.7	0.141
3.7	0.121
3.7	0.085
3.7	0.119
3.7	0.089
3.7	0.094
3.7	0.104
3.7	0.124
3.7	0.132
3.7	0.104
3.7	0.122
3.7	0.117
3.7	0.110
3.7	0.088
3.7	0.092
3.7	0.112
3.7	0.094
3.7	0.089
3.7	0.094
3.7	0.075
3.7	0.084
3.7	0.077
3.7	0.091
3.7	0.097
3.7	0.076
3.7	0.096
3.7	0.097
3.7	0.082
3.7	0.111
3.7	0.079
3.7	0.059
3.7	0.098
3.8	0.086
3.8	0.087
3.8	0.078
3.8	0.088
3.8	0.111
3.8	0.118
3.8	0.103
3.8	0.079
3.8	0.091
3.8	0.101
3.8	0.090
3.8	0.092
3.8	0.096
3.8	0.090
3.8	0.100
3.8	0.103
3.8	0.118
3.8	0.106
3.8	0.096
3.8	0.090
3.8	0.104
3.8	0.103
3.8	0.086
3.8	0.125
3.8	0.085
3.8	0.092
3.8	0.130
3.8	0.100
3.8	0.122
3.8	0.102
3.8	0.113
3.8	0.119
3.8	0.110
3.8	0.116
3.8	0.092
3.8	0.108
3.8	0.110
3.8	0.100
3.8	0.093
3.8	0.087
3.8	0.100
3.8	0.086
3.8	0.094
3.8	0.105
3.8	0.094
3.8	0.098
3.8	0.101
3.8	0.097
3.8	0.096
3.8	0.113
3.8	0.108
3.8	0.109
3.8	0.088
3.8	0.087
3.8	0.122
3.8	0.119
3.8	0.098
3.8	0.083
3.8	0.097
3.8	0.100
3.8	0.138
3.8	0.100
3.8	0.128
3.8	0.118
3.8	0.131
3.8	0.088
3.8	0.128
3.8	0.093
3.8	0.088
3.8	0.088
3.8	0.087
3.8	0.119
3.8	0.114
3.8	0.096
3.8	0.117
3.8	0.091
3.8	0.092
3.8	0.104
3.8	0.091
3.8	0.101
3.8	0.122
3.8	0.119
3.8	0.086
3.8	0.085
3.8	0.085
3.8	0.095
3.8	0.091
3.8	0.080
3.8	0.095
3.8	0.090
3.8	0.097
3.8	0.096
3.8	0.093
3.8	0.080
3.8	0.094
3.8	0.103
3.8	0.098
3.8	0.109
3.8	0.102
3.8	0.125
3.9	0.091
3.9	0.106
3.9	0.105
3.9	0.126
3.9	0.102
3.9	0.108
3.9	0.085
3.9	0.093
3.9	0.087
3.9	0.099
3.9	0.115
3.9	0.088
3.9	0.114
3.9	0.091
3.9	0.118
3.9	0.098
3.9	0.102
3.9	0.092
3.9	0.103
3.9	0.084
3.9	0.078
3.9	0.097
3.9	0.122
3.9	0.092
3.9	0.124
3.9	0.115
3.9	0.091
3.9	0.099
3.9	0.087
3.9	0.085
3.9	0.088
3.9	0.108
3.9	0.120
3.9	0.093
3.9	0.106
3.9	0.109
3.9	0.085
3.9	0.073
3.9	0.078
3.9	0.076
3.9	0.084
3.9	0.086
3.9	0.090
3.9	0.095
3.9	0.101
3.9	0.100
3.9	0.124
3.9	0.113
3.9	0.127
3.9	0.124
3.9	0.084
3.9	0.087
3.9	0.095
3.9	0.083
3.9	0.101
3.9	0.091
3.9	0.075
3.9	0.095
3.9	0.100
3.9	0.091
3.9	0.088
3.9	0.108
3.9	0.113
3.9	0.096
3.9	0.070
3.9	0.100
3.9	0.084
3.9	0.087
3.9	0.092
3.9	0.116
3.9	0.089
3.9	0.113
3.9	0.102
3.9	0.105
3.9	0.113
3.9	0.091
3.9	0.111
3.9	0.108
3.9	0.094
3.9	0.082
3.9	0.089
3.9	0.103
3.9	0.101
3.9	0.118
3.9	0.117
3.9	0.092
3.9	0.096
3.9	0.094
3.9	0.102
3.9	0.113
3.9	0.110
3.9	0.113
3.9	0.086
3.9	0.072
3.9	0.077
3.9	0.101
3.9	0.110
3.9	0.125
3.9	0.115
3.9	0.097
4.0	0.115
4.0	0.101
4.0	0.120
4.0	0.129
4.0	0.110
4.0	0.079
4.0	0.076
4.0	0.119
4.0	0.115
4.0	0.121
4.0	0.130
4.0	0.113
4.0	0.111
4.0	0.084
4.0	0.082
4.0	0.068
4.0	0.085
4.0	0.104
4.0	0.104
4.0	0.122
4.0	0.094
4.0	0.101
4.0	0.102
4.0	0.091
4.0	0.096
4.0	0.099
4.0	0.112
4.0	0.091
4.0	0.098
4.0	0.105
4.0	0.087
4.0	0.085
4.0	0.098
4.0	0.098
4.0	0.082
4.0	0.113
4.0	0.125
4.0	0.111
4.0	0.114
4.0	0.099
4.0	0.106
4.0	0.112
4.0	0.103
4.0	0.090
4.0	0.102
4.0	0.094
4.0	0.098
4.0	0.088
4.0	0.109
4.0	0.103
4.0	0.120
4.0	0.130
4.0	0.123
4.0	0.107
4.0	0.106
4.0	0.130
4.0	0.120
4.0	0.082
4.0	0.082
4.0	0.088
4.0	0.080
4.0	0.087
4.0	0.122
4.0	0.111
4.0	0.103
4.0	0.097
4.0	0.093
4.0	0.089
4.0	0.109
4.0	0.103
4.0	0.108
4.0	0.106
4.0	0.075
4.0	0.090
4.0	0.108
4.0	0.109
4.0	0.105
4.0	0.093
4.0	0.088
4.0	0.090
4.0	0.111
4.0	0.087
4.0	0.120
4.0	0.086
4.0	0.090
4.0	0.090
4.0	0.111
4.0	0.107
4.0	0.097
4.0	0.078
4.0	0.102
4.0	0.096
4.0	0.106
4.0	0.096
4.0	0.117
4.0	0.122
4.0	0.099
4.0	0.087
4.0	0.115
4.0	0.114
4.0	0.130
4.1	0.114
4.1	0.103
4.1	0.106
4.1	0.097
4.1	0.093
4.1	0.101
4.1	0.109
4.1	0.100
4.1	0.096
4.1	0.096
4.1	0.107
4.1	0.123
4.1	0.095
4.1	0.087
4.1	0.088
4.1	0.114
4.1	0.110
4.1	0.136
4.1	0.121
4.1	0.118
4.1	0.106
4.1	0.129
4.1	0.108
4.1	0.097
4.1	0.080
4.1	0.077
4.1	0.109
4.1	0.084
4.1	0.106
4.1	0.103
4.1	0.103
4.1	0.090
4.1	0.111
4.1	0.101
4.1	0.097
4.1	0.076
4.1	0.093
4.1	0.093
4.1	0.089
4.1	0.090
4.1	0.086
4.1	0.112
4.1	0.099
4.1	0.129
4.1	0.113
4.1	0.100
4.1	0.107
4.1	0.102
4.1	0.104
4.1	0.082
4.1	0.069
4.1	0.083
4.1	0.094
4.1	0.115
4.1	0.095
4.1	0.098
4.1	0.105
4.1	0.059
4.1	0.082
4.1	0.081
4.1	0.103
4.1	0.077
4.1	0.068
4.1	0.084
4.1	0.095
4.1	0.101
4.1	0.106
4.1	0.106
4.1	0.107
4.1	0.129
4.1	0.105
4.1	0.090
4.1	0.080
4.1	0.094
4.1	0.109
4.1	0.105
4.1	0.108
4.1	0.105
4.1	0.109
4.1	0.078
4.1	0.084
4.1	0.082
4.1	0.096
4.1	0.081
4.1	0.094
4.1	0.107
4.1	0.090
4.1	0.087
4.1	0.102
4.1	0.088
4.1	0.106
4.1	0.086
4.1	0.068
4.1	0.096
4.1	0.091
4.1	0.098
4.1	0.109
4.1	0.090
4.1	0.081
4.2	0.083
4.2	0.096
4.2	0.100
4.2	0.094
4.2	0.133
4.2	0.117
4.2	0.096
4.2	0.101
4.2	0.108
4.2	0.098
4.2	0.086
4.2	0.105
4.2	0.108
4.2	0.120
4.2	0.125
4.2	0.090
4.2	0.097
4.2	0.089
4.2	0.089
4.2	0.091
4.2	0.087
4.2	0.091
4.2	0.102
4.2	0.102
4.2	0.090
4.2	0.069
4.2	0.068
4.2	0.076
4.2	0.080
4.2	0.098
4.2	0.083
4.2	0.109
4.2	0.091
4.2	0.091
4.2	0.096
4.2	0.087
4.2	0.077
4.2	0.099
4.2	0.080
4.2	0.091
4.2	0.097
4.2	0.100
4.2	0.101
4.2	0.079
4.2	0.096
4.2	0.098
4.2	0.091
4.2	0.095
4.2	0.110
4.2	0.105
4.2	0.102
4.2	0.082
4.2	0.101
4.2	0.095
4.2	0.117
4.2	0.120
4.2	0.099
4.2	0.086
4.2	0.104
4.2	0.118
4.2	0.101
4.2	0.099
4.2	0.084
4.2	0.094
4.2	0.107
4.2	0.111
4.2	0.076
4.2	0.090
4.2	0.063
4.2	0.103
4.2	0.109
4.2	0.107
4.2	0.091
4.2	0.084
4.2	0.117
4.2	0.099
4.2	0.088
4.2	0.104
4.2	0.115
4.2	0.117
4.2	0.112
4.2	0.096
4.2	0.087
4.2	0.093
4.2	0.090
4.2	0.076
4.2	0.081
4.2	0.101
4.2	0.100
4.2	0.100
4.2	0.089
4.2	0.078
4.2	0.101
4.2	0.095
4.2	0.090
4.2	0.113
4.2	0.084
4.2	0.091
4.2	0.085
4.2	0.094
4.2	0.086
4.3	0.091
4.3	0.099
4.3	0.097
4.3	0.080
4.3	0.083
4.3	0.089
4.3	0.073
4.3	0.075
4.3	0.106
4.3	0.090
4.3	0.117
4.3	0.077
4.3	0.075
4.3	0.092
4.3	0.061
4.3	0.084
4.3	0.091
4.3	0.072
4.3	0.071
4.3	0.079
4.3	0.074
4.3	0.088
4.3	0.104
4.3	0.081
4.3	0.088
4.3	0.089
4.3	0.078
4.3	0.073
4.3	0.060
4.3	0.089
4.3	0.093
4.3	0.084
4.3	0.111
4.3	0.088
4.3	0.075
4.3	0.104
4.3	0.099
4.3	0.113
4.3	0.137
4.3	0.104
4.3	0.089
4.3	0.106
4.3	0.094
4.3	0.096
4.3	0.086
4.3	0.060
4.3	0.071
4.3	0.099
4.3	0.096
4.3	0.080
4.3	0.073
4.3	0.081
4.3	0.107
4.3	0.090
4.3	0.094
4.3	0.087
4.3	0.068
4.3	0.067
4.3	0.061
4.3	0.063
4.3	0.107
4.3	0.105
4.3	0.135
4.3	0.120
4.3	0.120
4.3	0.103
4.3	0.092
4.3	0.119
4.3	0.084
4.3	0.083
4.3	0.092
4.3	0.111
4.3	0.090
4.3	0.076
4.3	0.084
4.3	0.088
4.3	0.074
4.3	0.091
4.3	0.098
4.3	0.096
4.3	0.089
4.3	0.074
4.3	0.085
4.3	0.112
4.3	0.120
4.3	0.112
4.3	0.103
4.3	0.093
4.3	0.076
4.3	0.074
4.3	0.065
4.3	0.066
4.3	0.064
4.3	0.076
4.3	0.067
4.3	0.087
4.3	0.097
4.3	0.102
4.3	0.072
4.3	0.077
4.4	0.093
4.4	0.071
4.4	0.102
4.4	0.082
4.4	0.084
4.4	0.081
4.4	0.097
4.4	0.088
4.4	0.097
4.4	0.085
4.4	0.107
4.4	0.092
4.4	0.107
4.4	0.080
4.4	0.085
4.4	0.062
4.4	0.101
4.4	0.081
4.4	0.077
4.4	0.104
4.4	0.116
4.4	0.099
4.4	0.078
4.4	0.093
4.4	0.105
4.4	0.099
4.4	0.095
4.4	0.072
4.4	0.082
4.4	0.086
4.4	0.098
4.4	0.105
4.4	0.092
4.4	0.110
4.4	0.098
4.4	0.124
4.4	0.107
4.4	0.100
4.4	0.102
4.4	0.085
4.4	0.081
4.4	0.093
4.4	0.088
4.4	0.091
4.4	0.079
4.4	0.115
4.4	0.088
4.4	0.085
4.4	0.089
4.4	0.078
4.4	0.075
4.4	0.100
4.4	0.091
4.4	0.112
4.4	0.111
4.4	0.092
4.4	0.090
4.4	0.089
4.4	0.116
4.4	0.087
4.4	0.079
4.4	0.098
4.4	0.144
4.4	0.120
4.4	0.114
4.4	0.080
4.4	0.078
4.4	0.079
4.4	0.073
4.4	0.086
4.4	0.078
4.4	0.054
4.4	0.060
4.4	0.076
4.4	0.084
4.4	0.094
4.4	0.081
4.4	0.096
4.4	0.103
4.4	0.122
4.4	0.090
4.4	0.105
4.4	0.091
4.4	0.101
4.4	0.087
4.4	0.076
4.4	0.086
4.4	0.080
4.4	0.070
4.4	0.089
4.4	0.090
4.4	0.078
4.4	0.095
4.4	0.078
4.4	0.090
4.4	0.104
4.4	0.081
4.4	0.087
4.4	0.084
4.5	0.091
4.5	0.081
4.5	0.071
4.5	0.070
4.5	0.076
4.5	0.078
4.5	0.078
4.5	0.077
4.5	0.084
4.5	0.087
4.5	0.093
4.5	0.083
4.5	0.076
4.5	0.085
4.5	0.090
4.5	0.091
4.5	0.086
4.5	0.090
4.5	0.070
4.5	0.084
4.5	0.090
4.5	0.090
4.5	0.090
4.5	0.079
4.5	0.073
4.5	0.103
4.5	0.105
4.5	0.091
4.5	0.087
4.5	0.077
4.5	0.087
4.5	0.094
4.5	0.088
4.5	0.096
4.5	0.081
4.5	0.080
4.5	0.094
4.5	0.109
4.5	0.120
4.5	0.088
4.5	0.070
4.5	0.093
4.5	0.086
4.5	0.088
4.5	0.077
4.5	0.081
4.5	0.087
4.5	0.065
4.5	0.080
4.5	0.091
4.5	0.097
4.5	0.101
4.5	0.079
4.5	0.081
4.5	0.078
4.5	0.080
4.5	0.085
4.5	0.098
4.5	0.081
4.5	0.088
4.5	0.086
4.5	0.076
4.5	0.065
4.5	0.093
4.5	0.076
4.5	0.079
4.5	0.109
4.5	0.097
4.5	0.095
4.5	0.080
4.5	0.088
4.5	0.094
4.5	0.104
4.5	0.100
4.5	0.083
4.5	0.090
4.5	0.099
4.5	0.076
4.5	0.106
4.5	0.108
4.5	0.104
4.5	0.084
4.5	0.097
4.5	0.103
4.5	0.096
4.5	0.099
4.5	0.091
4.5	0.066
4.5	0.068
4.5	0.074
4.5	0.078
4.5	0.081
4.5	0.087
4.5	0.079
4.5	0.086
4.5	0.070
4.5	0.083
4.5	0.096
4.5	0.092
4.5	0.089
4.5	0.072
4.6	0.070
4.6	0.080
4.6	0.087
4.6	0.101
4.6	0.100
4.6	0.099
4.6	0.083
4.6	0.091
4.6	0.093
4.6	0.081
4.6	0.077
4.6	0.075
4.6	0.104
4.6	0.089
4.6	0.094
4.6	0.080
4.6	0.085
4.6	0.070
4.6	0.085
4.6	0.081
4.6	0.070
4.6	0.075
4.6	0.099
4.6	0.111
4.6	0.082
4.6	0.091
4.6	0.096
4.6	0.090
4.6	0.077
4.6	0.087
4.6	0.084
4.6	0.110
4.6	0.099
4.6	0.086
4.6	0.091
4.6	0.084
4.6	0.117
4.6	0.098
4.6	0.110
4.6	0.094
4.6	0.088
4.6	0.089
4.6	0.083
4.6	0.078
4.6	0.098
4.6	0.099
4.6	0.078
4.6	0.087
4.6	0.076
4.6	0.078
4.6	0.103
4.6	0.107
4.6	0.111
4.6	0.098
4.6	0.123
4.6	0.098
4.6	0.080
4.6	0.081
4.6	0.087
4.6	0.079
4.6	0.087
4.6	0.087
4.6	0.106
4.6	0.100
4.6	0.107
4.6	0.094
4.6	0.105
4.6	0.113
4.6	0.108
4.6	0.118
4.6	0.079
4.6	0.082
4.6	0.087
4.6	0.110
4.6	0.112
4.6	0.107
4.6	0.086
4.6	0.106
4.6	0.091
4.6	0.086
4.6	0.076
4.6	0.089
4.6	0.082
4.6	0.082
4.6	0.084
4.6	0.104
4.6	0.102
4.6	0.081
4.6	0.082
4.6	0.064
4.6	0.082
4.6	0.090
4.6	0.083
4.6	0.085
4.6	0.088
4.6	0.078
4.6	0.080
4.6	0.058
4.6	0.082
4.7	0.079
4.7	0.098
4.7	0.104
4.7	0.080
4.7	0.069
4.7	0.061
4.7	0.094
4.7	0.110
4.7	0.098
4.7	0.096
4.7	0.085
4.7	0.079
4.7	0.074
4.7	0.091
4.7	0.101
4.7	0.087
4.7	0.086
4.7	0.101
4.7	0.086
4.7	0.086
4.7	0.075
4.7	0.062
4.7	0.061
4.7	0.070
4.7	0.079
4.7	0.082
4.7	0.115
4.7	0.093
4.7	0.088
4.7	0.090
4.7	0.089
4.7	0.078
4.7	0.098
4.7	0.105
4.7	0.078
4.7	0.094
4.7	0.113
4.7	0.077
4.7	0.116
4.7	0.103
4.7	0.095
4.7	0.100
4.7	0.070
4.7	0.104
4.7	0.106
4.7	0.122
4.7	0.117
4.7	0.094
4.7	0.101
4.7	0.097
4.7	0.099
4.7	0.087
4.7	0.083
4.7	0.094
4.7	0.089
4.7	0.091
4.7	0.111
4.7	0.104
4.7	0.097
4.7	0.113
4.7	0.120
4.7	0.129
4.7	0.084
4.7	0.098
4.7	0.106
4.7	0.102
4.7	0.108
4.7	0.106
4.7	0.087
4.7	0.080
4.7	0.085
4.7	0.078
4.7	0.091
4.7	0.092
4.7	0.103
4.7	0.100
4.7	0.096
4.7	0.090
4.7	0.092
4.7	0.103
4.7	0.104
4.7	0.103
4.7	0.111
4.7	0.106
4.7	0.078
4.7	0.098
4.7	0.082
4.7	0.084
4.7	0.080
4.7	0.094
4.7	0.096
4.7	0.093
4.7	0.101
4.7	0.100
4.7	0.112
4.7	0.092
4.7	0.095
4.7	0.076
4.7	0.098
4.7	0.097
4.8	0.083
4.8	0.100
4.8	0.103
4.8	0.091
4.8	0.091
4.8	0.095
4.8	0.091
4.8	0.098
4.8	0.093
4.8	0.090
4.8	0.090
4.8	0.100
4.8	0.104
4.8	0.095
4.8	0.084
4.8	0.070
4.8	0.084
4.8	0.091
4.8	0.090
4.8	0.087
4.8	0.073
4.8	0.075
4.8	0.077
4.8	0.062
4.8	0.081
4.8	0.073
4.8	0.073
4.8	0.088
4.8	0.090
4.8	0.087
4.8	0.102
4.8	0.093
4.8	0.107
4.8	0.104
4.8	0.109
4.8	0.093
4.8	0.108
4.8	0.108
4.8	0.093
4.8	0.088
4.8	0.077
4.8	0.090
4.8	0.073
4.8	0.090
4.8	0.074
4.8	0.072
4.8	0.081
4.8	0.079
4.8	0.099
4.8	0.087
4.8	0.086
4.8	0.098
4.8	0.111
4.8	0.097
4.8	0.099
4.8	0.067
4.8	0.081
4.8	0.083
4.8	0.096
4.8	0.089
4.8	0.096
4.8	0.087
4.8	0.089
4.8	0.115
4.8	0.084
4.8	0.084
4.8	0.080
4.8	0.077
4.8	0.084
4.8	0.087
4.8	0.095
4.8	0.101
4.8	0.087
4.8	0.086
4.8	0.096
4.8	0.135
4.8	0.118
4.8	0.100
4.8	0.098
4.8	0.099
4.8	0.086
4.8	0.120
4.8	0.093
4.8	0.085
4.8	0.073
4.8	0.064
4.8	0.076
4.8	0.074
4.8	0.094
4.8	0.086
4.8	0.097
4.8	0.113
4.8	0.105
4.8	0.080
4.8	0.075
4.8	0.092
4.8	0.119
4.8	0.109
4.8	0.075
4.8	0.098
4.9	0.102
4.9	0.075
4.9	0.084
4.9	0.084
4.9	0.092
4.9	0.079
4.9	0.105
4.9	0.086
4.9	0.090
4.9	0.109
4.9	0.101
4.9	0.086
4.9	0.095
4.9	0.084
4.9	0.121
4.9	0.121
4.9	0.100
4.9	0.084
4.9	0.121
4.9	0.097
4.9	0.078
4.9	0.109
4.9	0.098
4.9	0.093
4.9	0.104
4.9	0.096
4.9	0.084
4.9	0.097
4.9	0.109
4.9	0.117
4.9	0.093
4.9	0.088
4.9	0.099
4.9	0.111
4.9	0.123
4.9	0.097
4.9	0.085
4.9	0.100
4.9	0.106
4.9	0.099
4.9	0.093
4.9	0.096
4.9	0.118
4.9	0.099
4.9	0.098
4.9	0.062
4.9	0.080
4.9	0.112
4.9	0.123
4.9	0.120
4.9	0.109
4.9	0.095
4.9	0.098
4.9	0.080
4.9	0.094
4.9	0.086
4.9	0.082
4.9	0.089
4.9	0.098
4.9	0.101
4.9	0.090
4.9	0.091
4.9	0.094
4.9	0.089
4.9	0.079
4.9	0.078
4.9	0.092
4.9	0.092
4.9	0.101
4.9	0.088
4.9	0.107
4.9	0.104
4.9	0.096
4.9	0.091
4.9	0.079
4.9	0.070
4.9	0.069
4.9	0.067
4.9	0.060
4.9	0.068
4.9	0.092
4.9	0.086
4.9	0.073
4.9	0.083
4.9	0.091
4.9	0.084
4.9	0.063
4.9	0.109
4.9	0.120
4.9	0.098
4.9	0.076
4.9	0.095
4.9	0.111
4.9	0.085
4.9	0.083
4.9	0.087
4.9	0.087
4.9	0.095
4.9	0.066
5.0	0.077
5.0	0.108
5.0	0.120
5.0	0.105
5.0	0.077
5.0	0.084
5.0	0.076
5.0	0.095
5.0	0.107
5.0	0.072
5.0	0.091
5.0	0.082
5.0	0.093
5.0	0.107
5.0	0.088
5.0	0.106
5.0	0.092
5.0	0.086
5.0	0.106
5.0	0.099
5.0	0.082
5.0	0.091
5.0	0.074
5.0	0.074
5.0	0.092
5.0	0.095
5.0	0.093
5.0	0.123
5.0	0.088
5.0	0.091
5.0	0.090
5.0	0.087
5.0	0.115
5.0	0.096
5.0	0.107
5.0	0.081
5.0	0.084
5.0	0.076
5.0	0.089
5.0	0.099
5.0	0.090
5.0	0.092
5.0	0.079
5.0	0.080
5.0	0.096
5.0	0.107
5.0	0.109
5.0	0.098
5.0	0.079
5.0	0.094
5.0	0.098
5.0	0.101
5.0	0.099
5.0	0.100
5.0	0.086
5.0	0.090
5.0	0.084
5.0	0.083
5.0	0.084
5.0	0.082
5.0	0.090
5.0	0.080
5.0	0.087
5.0	0.075
5.0	0.097
5.0	0.117
5.0	0.115
5.0	0.103
5.0	0.091
5.0	0.087
5.0	0.087
5.0	0.090
5.0	0.086
5.0	0.089
5.0	0.086
5.0	0.094
5.0	0.108
5.0	0.106
5.0	0.094
5.0	0.078
5.0	0.080
5.0	0.089
5.0	0.098
5.0	0.103
5.0	0.077
5.0	0.066
5.0	0.054
5.0	0.050
5.0	0.076
5.0	0.086
5.0	0.097
5.0	0.093
5.0	0.098
5.0	0.086
5.0	0.066
5.0	0.072
5.0	0.079
5.0	0.090
5.0	0.116
5.0	0.112
5.0	0.085
5.1	0.088
5.1	0.082
5.1	0.112
5.1	0.134
5.1	0.088
5.1	0.093
5.1	0.108
5.1	0.077
5.1	0.054
5.1	0.089
5.1	0.110
5.1	0.091
5.1	0.110
5.1	0.084
5.1	0.090
5.1	0.104
5.1	0.089
5.1	0.075
5.1	0.090
5.1	0.097
5.1	0.079
5.1	0.100
5.1	0.095
5.1	0.084
5.1	0.072
5.1	0.102
5.1	0.117
5.1	0.109
5.1	0.074
5.1	0.086
5.1	0.084
5.1	0.064
5.1	0.084
5.1	0.110
5.1	0.089
5.1	0.087
5.1	0.082
5.1	0.112
5.1	0.130
5.1	0.092
5.1	0.098
5.1	0.109
5.1	0.090
5.1	0.090
5.1	0.087
5.1	0.094
5.1	0.094
5.1	0.099
5.1	0.074
5.1	0.070
5.1	0.069
5.1	0.084
5.1	0.081
5.1	0.083
5.1	0.056
5.1	0.062
5.1	0.070
5.1	0.083
5.1	0.095
5.1	0.091
5.1	0.081
5.1	0.076
5.1	0.060
5.1	0.058
5.1	0.090
5.1	0.079
5.1	0.063
5.1	0.088
5.1	0.084
5.1	0.079
5.1	0.077
5.1	0.079
5.1	0.113
5.1	0.096
5.1	0.093
5.1	0.089
5.1	0.075
5.1	0.095
5.1	0.070
5.1	0.083
5.1	0.069
5.1	0.103
5.1	0.058
5.1	0.071
5.1	0.076
5.1	0.113
5.1	0.098
5.1	0.074
5.1	0.089
5.1	0.084
5.1	0.083
5.1	0.080
5.1	0.078
5.1	0.061
5.1	0.075
5.1	0.092
5.1	0.068
5.1	0.075
5.1	0.088
5.2	0.102
5.2	0.083
5.2	0.082
5.2	0.087
5.2	0.058
5.2	0.059
5.2	0.066
5.2	0.066
5.2	0.051
5.2	0.085
5.2	0.086
5.2	0.080
5.2	0.048
5.2	0.067
5.2	0.083
5.2	0.098
5.2	0.104
5.2	0.099
5.2	0.085
5.2	0.078
5.2	0.067
5.2	0.060
5.2	0.049
5.2	0.046
5.2	0.077
5.2	0.072
5.2	0.065
5.2	0.060
5.2	0.057
5.2	0.084
5.2	0.062
5.2	0.046
5.2	0.037
5.2	0.047
5.2	0.039
5.2	0.058
5.2	0.068
5.2	0.083
5.2	0.079
5.2	0.061
5.2	0.070
5.2	0.065
5.2	0.073
5.2	0.070
5.2	0.044
5.2	0.042
5.2	0.039
5.2	0.047
5.2	0.047
5.2	0.038
5.2	0.045
5.2	0.030
5.2	0.015
5.2	0.020
5.2	0.011
5.2	0.005
5.2	0.042
5.2	0.064
5.2	0.081
5.2	0.027
5.2	0.046
5.2	0.052
5.2	0.027
5.2	0.035
5.2	0.017
5.2	0.026
5.2	0.053
5.2	0.019
5.2	0.049
5.2	0.031
5.2	0.021
5.2	0.033
5.2	0.042
5.2	-0.004
5.2	-0.001
5.2	0.006
5.2	0.021
5.2	0.031
5.2	0.015
5.2	0.023
5.2	-0.001
5.2	0.021
5.2	0.035
5.2	0.020
5.2	0.012
5.2	-0.000
5.2	0.003
5.2	-0.004
5.2	0.027
5.2	0.009
5.2	0.003
5.2	0.006
5.2	-0.011
5.2	0.012
5.2	0.016
5.2	0.014
5.2	0.001
5.2	0.019
5.2	0.011
5.2	0.006
5.2	0.015
5.3	0.009
5.3	0.020
5.3	0.029
5.3	-0.001
5.3	-0.008
5.3	-0.026
5.3	-0.000
5.3	0.012
5.3	0.018
5.3	-0.001
5.3	0.018
5.3	0.019
5.3	-0.004
5.3	0.016
5.3	0.004
5.3	-0.008
5.3	0.007
5.3	-0.000
5.3	-0.002
5.3	0.010
5.3	0.018
5.3	0.031
5.3	0.032
5.3	0.004
5.3	-0.009
5.3	0.002
5.3	0.006
5.3	0.018
5.3	0.030
5.3	0.023
5.3	0.036
5.3	0.003
5.3	-0.008
5.3	0.012
5.3	0.011
5.3	0.015
5.3	0.010
5.3	-0.010
5.3	0.029
5.3	0.005
5.3	0.001
5.3	-0.009
5.3	0.041
5.3	0.048
5.3	0.040
5.3	0.003
5.3	0.023
5.3	0.015
5.3	0.011
5.3	0.008
5.3	0.026
5.3	0.037
5.3	0.012
5.3	-0.006
5.3	0.007
5.3	0.016
5.3	0.023
5.3	0.026
5.3	0.008
5.3	0.012
5.3	-0.000
5.3	0.000
5.3	-0.013
5.3	0.004
5.3	0.017
5.3	0.003
5.3	0.014
5.3	0.010
5.3	0.014
5.3	-0.006
5.3	0.014
5.3	0.008
5.3	-0.016
5.3	0.020
5.3	0.033
5.3	0.009
5.3	0.012
5.3	-0.006
5.3	0.001
5.3	0.006
5.3	0.014
5.3	-0.015
5.3	0.014
5.3	-0.010
5.3	0.011
5.3	0.025
5.3	0.002
5.3	0.033
5.3	0.027
5.3	0.012
5.3	0.001
5.3	0.005
5.3	0.014
5.3	0.027
5.3	-0.009
5.3	0.008
5.3	0.022
5.3	0.004
5.3	0.032
5.3	0.028
5.4	0.028
5.4	-0.008
5.4	0.012
5.4	0.017
5.4	-0.000
5.4	-0.001
5.4	0.001
5.4	0.005
5.4	0.007
5.4	-0.004
5.4	-0.005
5.4	0.025
5.4	0.020
5.4	0.012
5.4	0.002
5.4	0.005
5.4	0.023
5.4	0.024
5.4	-0.005
5.4	0.008
5.4	0.009
5.4	0.001
5.4	-0.020
5.4	0.021
5.4	0.030
5.4	-0.007
5.4	0.014
5.4	0.030
5.4	0.008
5.4	-0.017
5.4	-0.013
5.4	0.031
5.4	0.020
5.4	0.008
5.4	-0.005
5.4	-0.008
5.4	-0.028
5.4	-0.003
5.4	0.013
5.4	0.003
5.4	-0.008
5.4	-0.000
5.4	0.005
5.4	-0.010
5.4	0.006
5.4	-0.018
5.4	0.003
5.4	-0.006
5.4	-0.030
5.4	-0.008
5.4	-0.025
5.4	-0.021
5.4	-0.018
5.4	0.012
5.4	0.003
5.4	-0.006
5.4	0.008
5.4	0.030
5.4	0.000
5.4	0.010
5.4	-0.004
5.4	0.000
5.4	0.040
5.4	0.031
5.4	0.003
5.4	0.041
5.4	0.019
5.4	0.009
5.4	0.019
5.4	0.010
5.4	-0.005
5.4	0.002
5.4	0.001
5.4	-0.017
5.4	0.016
5.4	0.011
5.4	0.026
5.4	-0.006
5.4	0.013
5.4	-0.008
5.4	-0.021
5.4	-0.019
5.4	0.014
5.4	-0.009
5.4	0.009
5.4	0.035
5.4	0.016
5.4	0.031
5.4	0.002
5.4	-0.026
5.4	-0.005
5.4	0.017
5.4	-0.012
5.4	-0.015
5.4	0.013
5.4	0.001
5.4	0.010
5.4	-0.021
5.4	-0.003
5.5	0.007
5.5	0.023
5.5	0.015
5.5	0.028
5.5	0.000
5.5	0.023
5.5	-0.002
5.5	-0.007
5.5	-0.005
5.5	-0.016
5.5	-0.033
5.5	-0.011
5.5	-0.010
5.5	-0.005
5.5	0.007
5.5	-0.006
5.5	0.022
5.5	0.001
5.5	-0.001
5.5	0.004
5.5	0.008
5.5	0.023
5.5	-0.013
5.5	-0.009
5.5	0.018
5.5	0.007
5.5	-0.008
5.5	-0.001
5.5	-0.006
5.5	-0.003
5.5	0.022
5.5	0.009
5.5	0.000
5.5	-0.028
5.5	0.004
5.5	-0.005
5.5	0.004
5.5	0.022
5.5	0.005
5.5	-0.006
5.5	-0.007
5.5	-0.003
5.5	-0.013
5.5	-0.014
5.5	0.021
5.5	0.005
5.5	0.008
5.5	0.004
5.5	0.035
5.5	0.022
5.5	0.000
5.5	0.004
5.5	-0.004
5.5	0.017
5.5	0.025
5.5	-0.009
5.5	0.012
5.5	-0.007
5.5	-0.012
5.5	-0.010
5.5	-0.033
5.5	-0.010
5.5	0.003
5.5	0.035
5.5	0.021
5.5	-0.014
5.5	0.000
5.5	-0.001
5.5	0.009
5.5	0.015
5.5	-0.020
5.5	0.005
5.5	-0.020
5.5	0.013
5.5	0.023
5.5	-0.003
5.5	-0.006
5.5	0.014
5.5	0.006
5.5	0.002
5.5	-0.010
5.5	-0.018
5.5	-0.001
5.5	0.018
5.5	-0.002
5.5	0.043
5.5	0.024
5.5	0.012
5.5	-0.005
5.5	0.010
5.5	0.013
5.5	-0.004
5.5	0.001
5.5	-0.010
5.5	0.013
5.5	-0.001
5.5	-0.008
5.5	0.018
5.5	0.007
5.5	0.008
5.5	0.010
5.6	-0.002
5.6	-0.008
5.6	0.020
5.6	0.019
5.6	0.007
5.6	0.002
5.6	0.022
5.6	0.025
5.6	0.042
5.6	0.021
5.6	-0.005
5.6	-0.007
5.6	0.001
5.6	0.024
5.6	0.011
5.6	0.014
5.6	0.026
5.6	-0.007
5.6	0.012
5.6	0.014
5.6	0.010
5.6	-0.009
5.6	0.031
5.6	0.012
5.6	0.017
5.6	0.028
5.6	0.014
5.6	0.020
5.6	0.016
5.6	-0.000
5.6	0.004
5.6	-0.012
5.6	0.022
5.6	0.019
5.6	-0.015
5.6	-0.010
5.6	0.014
5.6	0.011
5.6	0.009
5.6	-0.026
5.6	-0.001
5.6	0.025
5.6	0.030
5.6	0.016
5.6	0.014
5.6	0.022
5.6	0.020
5.6	0.001
5.6	0.025
5.6	-0.005
5.6	-0.018
5.6	0.015
5.6	-0.030
5.6	0.009
5.6	0.017
5.6	0.012
5.6	0.012
5.6	0.010
5.6	0.039
5.6	0.071
5.6	0.046
5.6	0.008
5.6	0.016
5.6	-0.006
5.6	0.015
5.6	0.006
5.6	0.002
5.6	0.008
5.6	0.041
5.6	0.018
5.6	0.014
5.6	0.025
5.6	0.006
5.6	0.031
5.6	0.028
5.6	0.014
5.6	0.026
5.6	0.008
5.6	-0.004
5.6	-0.003
5.6	0.027
5.6	0.019
5.6	0.028
5.6	0.029
5.6	0.022
5.6	-0.007
5.6	-0.001
5.6	-0.016
5.6	-0.014
5.6	-0.008
5.6	0.006
5.6	0.002
5.6	0.004
5.6	0.024
5.6	0.025
5.6	0.014
5.6	0.014
5.6	0.012
5.6	0.012
5.7	0.001
5.7	0.001
5.7	-0.017
5.7	-0.021
5.7	-0.000
5.7	-0.006
5.7	-0.003
5.7	0.023
5.7	0.009
5.7	0.012
5.7	0.002
5.7	0.033
5.7	-0.002
5.7	0.042
5.7	0.010
5.7	0.000
5.7	-0.003
5.7	0.009
5.7	0.021
5.7	0.010
5.7	0.013
5.7	-0.014
5.7	0.025
5.7	0.028
5.7	0.000
5.7	-0.010
5.7	0.012
5.7	0.021
5.7	0.016
5.7	0.004
5.7	0.025
5.7	0.007
5.7	0.031
5.7	0.030
5.7	0.043
5.7	0.003
5.7	0.006
5.7	-0.011
5.7	-0.016
5.7	-0.039
5.7	-0.004
5.7	-0.001
5.7	0.020
5.7	0.013
5.7	0.019
5.7	-0.010
5.7	0.017
5.7	0.018
5.7	0.015
5.7	-0.015
5.7	-0.015
5.7	-0.034
5.7	-0.017
5.7	0.012
5.7	-0.002
5.7	0.024
5.7	0.034
5.7	0.036
5.7	0.023
5.7	0.025
5.7	0.017
5.7	-0.002
5.7	0.004
5.7	0.032
5.7	0.003
5.7	0.011
5.7	0.022
5.7	0.018
5.7	0.026
5.7	0.022
5.7	0.052
5.7	0.025
5.7	0.004
5.7	-0.007
5.7	0.003
5.7	0.004
5.7	-0.001
5.7	0.000
5.7	0.025
5.7	0.013
5.7	0.012
5.7	-0.016
5.7	-0.026
5.7	0.026
5.7	-0.011
5.7	-0.001
5.7	0.008
5.7	0.016
5.7	0.009
5.7	0.010
5.7	0.027
5.7	0.012
5.7	0.022
5.7	0.031
5.7	0.016
5.7	0.015
5.7	0.015
5.7	-0.005
5.7	0.017
5.7	0.049
5.8	-0.003
5.8	0.031
5.8	0.025
5.8	0.007
5.8	0.007
5.8	0.019
5.8	-0.002
5.8	0.006
5.8	0.024
5.8	0.012
5.8	0.008
5.8	0.027
5.8	0.005
5.8	-0.032
5.8	0.005
5.8	0.008
5.8	-0.013
5.8	0.009
5.8	-0.008
5.8	0.001
5.8	0.014
5.8	0.011
5.8	0.028
5.8	0.020
5.8	0.017
5.8	0.013
5.8	-0.007
5.8	0.054
5.8	0.024
5.8	0.014
5.8	0.023
5.8	-0.003
5.8	-0.022
5.8	-0.043
5.8	-0.037
5.8	-0.030
5.8	-0.032
5.8	-0.017
5.8	0.009
5.8	0.007
5.8	-0.003
5.8	-0.009
5.8	0.006
5.8	-0.001
5.8	-0.020
5.8	-0.011
5.8	-0.015
5.8	0.005
5.8	0.005
5.8	0.026
5.8	0.014
5.8	0.028
5.8	-0.009
5.8	0.007
5.8	-0.010
5.8	0.008
5.8	-0.016
5.8	0.005
5.8	0.006
5.8	-0.003
5.8	-0.000
5.8	0.029
5.8	0.017
5.8	-0.001
5.8	0.013
5.8	0.020
5.8	0.014
5.8	0.013
5.8	0.008
5.8	0.006
5.8	-0.022
5.8	0.012
5.8	0.003
5.8	0.019
5.8	0.016
5.8	0.046
5.8	0.019
5.8	0.051
5.8	0.018
5.8	0.003
5.8	0.004
5.8	0.009
5.8	-0.003
5.8	-0.002
5.8	-0.014
5.8	-0.000
5.8	-0.019
5.8	0.014
5.8	-0.009
5.8	-0.000
5.8	-0.008
5.8	0.017
5.8	0.013
5.8	-0.008
5.8	-0.016
5.8	-0.028
5.8	-0.031
5.8	-0.006
5.8	-0.000
5.8	0.007
5.8	0.011
5.9	0.010
5.9	0.011
5.9	0.006
5.9	-0.005
5.9	0.002
5.9	0.018
5.9	0.023
5.9	0.002
5.9	-0.010
5.9	-0.005
5.9	0.027
5.9	0.021
5.9	0.021
5.9	-0.012
5.9	0.027
5.9	0.002
5.9	0.011
5.9	-0.004
5.9	0.016
5.9	-0.018
5.9	-0.020
5.9	0.005
5.9	0.006
5.9	-0.022
5.9	-0.030
5.9	0.001
5.9	0.001
5.9	0.006
5.9	0.050
5.9	0.031
5.9	0.016
5.9	-0.018
5.9	0.002
5.9	0.013
5.9	0.018
5.9	0.010
5.9	-0.010
5.9	-0.010
5.9	0.016
5.9	-0.013
5.9	0.012
5.9	0.006
5.9	0.002
5.9	0.003
5.9	0.019
5.9	-0.014
5.9	0.013
5.9	-0.019
5.9	-0.020
5.9	0.015
5.9	0.036
5.9	0.012
5.9	0.036
5.9	0.022
5.9	0.018
5.9	0.022
5.9	0.030
5.9	0.029
5.9	0.023
5.9	0.020
5.9	0.013
5.9	0.009
5.9	-0.019
5.9	0.000
5.9	-0.006
5.9	0.015
5.9	0.036
5.9	-0.001
5.9	-0.003
5.9	-0.015
5.9	0.022
5.9	0.019
5.9	0.044
5.9	0.035
5.9	0.015
5.9	-0.009
5.9	0.029
5.9	-0.003
5.9	0.005
5.9	0.026
5.9	0.039
5.9	0.039
5.9	0.016
5.9	0.001
5.9	0.002
5.9	0.021
5.9	0.004
5.9	-0.002
5.9	0.008
5.9	0.015
5.9	-0.026
5.9	-0.035
5.9	0.002
5.9	-0.006
5.9	-0.023
5.9	-0.017
5.9	-0.028
5.9	-0.013
5.9	-0.016
6.0	0.002
6.0	0.019
6.0	0.016
6.0	-0.003
6.0	0.028
6.0	-0.012
6.0	-0.027
6.0	-0.029
6.0	-0.014
6.0	0.008
6.0	0.004
6.0	-0.005
6.0	0.001
6.0	0.007
6.0	0.023
6.0	0.009
6.0	0.020
6.0	0.026
6.0	-0.006
6.0	-0.006
6.0	-0.021
6.0	0.012
6.0	0.011
6.0	0.003
6.0	-0.006
6.0	0.021
6.0	-0.005
6.0	-0.017
6.0	0.015
6.0	0.015
6.0	0.025
6.0	0.002
6.0	-0.008
6.0	0.017
6.0	0.026
6.0	0.040
6.0	0.012
6.0	0.036
6.0	0.004
6.0	0.010
6.0	0.018
6.0	0.012
6.0	0.028
6.0	0.003
6.0	-0.015
6.0	0.011
6.0	0.010
6.0	0.010
6.0	0.017
6.0	0.028
6.0	0.021
6.0	0.013
6.0	0.030
6.0	0.026
6.0	0.028
6.0	0.001
6.0	0.018
6.0	0.004
6.0	0.016
6.0	-0.004
6.0	0.020
6.0	0.022
6.0	-0.012
6.0	0.014
6.0	0.014
6.0	0.041
6.0	0.025
6.0	-0.003
6.0	-0.002
6.0	0.005
6.0	0.007
6.0	0.021
6.0	-0.005
6.0	-0.007
6.0	-0.010
6.0	0.014
6.0	0.021
6.0	0.020
6.0	-0.003
6.0	0.028
6.0	0.028
6.0	-0.003
6.0	-0.008
6.0	0.030
6.0	0.014
6.0	-0.004
6.0	0.019
6.0	-0.025
6.0	-0.019
6.0	-0.018
6.0	0.015
6.0	0.023
6.0	0.007
6.0	-0.007
6.0	0.026
6.0	0.006
6.0	0.012
6.0	0.012
6.0	0.030
6.0	-0.007
6.0	-0.003
6.1	-0.023
6.1	-0.004
6.1	0.026
6.1	0.025
6.1	0.021
6.1	-0.001
6.1	0.021
6.1	0.009
6.1	0.015
6.1	0.018
6.1	0.017
6.1	0.019
6.1	0.018
6.1	-0.001
6.1	0.011
6.1	0.007
6.1	0.003
6.1	0.009
6.1	0.013
6.1	0.010
6.1	-0.005
6.1	-0.016
6.1	-0.013
6.1	0.016
6.1	-0.005
6.1	-0.039
6.1	-0.006
6.1	-0.021
6.1	-0.015
6.1	0.006
6.1	0.013
6.1	0.018
6.1	0.001
6.1	-0.009
6.1	-0.026
6.1	-0.009
6.1	-0.020
6.1	0.007
6.1	-0.013
6.1	-0.018
6.1	-0.002
6.1	-0.009
6.1	0.022
6.1	0.006
6.1	0.013
6.1	0.040
6.1	0.011
6.1	0.013
6.1	0.021
6.1	0.017
6.1	0.016
6.1	0.020
6.1	0.017
6.1	0.005
6.1	0.011
6.1	0.012
6.1	0.008
6.1	0.016
6.1	-0.002
6.1	-0.013
6.1	-0.006
6.1	-0.003
6.1	0.009
6.1	-0.000
6.1	0.019
6.1	-0.006
6.1	-0.010
6.1	0.013
6.1	0.003
6.1	0.002
6.1	0.002
6.1	0.002
6.1	-0.002
6.1	-0.013
6.1	0.008
6.1	0.000
6.1	0.015
6.1	0.011
6.1	-0.009
6.1	-0.004
6.1	0.025
6.1	0.008
6.1	0.007
6.1	-0.000
6.1	-0.002
6.1	-0.003
6.1	0.000
6.1	0.014
6.1	0.010
6.1	0.013
6.1	-0.006
6.1	-0.001
6.1	-0.011
6.1	0.012
6.1	0.017
6.1	0.019
6.1	0.013
6.1	0.021
6.1	0.019
6.2	0.001
6.2	-0.000
6.2	0.011
6.2	0.007
6.2	0.019
6.2	-0.003
6.2	0.034
6.2	-0.004
6.2	0.002
6.2	-0.014
6.2	0.028
6.2	0.027
6.2	0.026
6.2	0.021
6.2	0.006
6.2	0.023
6.2	-0.006
6.2	0.007
6.2	0.016
6.2	0.010
6.2	0.007
6.2	-0.008
6.2	0.008
6.2	0.014
6.2	0.007
6.2	0.013
6.2	0.035
6.2	0.002
6.2	0.010
6.2	-0.005
6.2	-0.009
6.2	-0.019
6.2	-0.017
6.2	-0.002
6.2	0.001
6.2	-0.005
6.2	0.001
6.2	0.011
6.2	0.016
6.2	0.021
6.2	0.026
6.2	-0.015
6.2	-0.010
6.2	-0.016
6.2	0.004
6.2	0.022
6.2	0.023
6.2	0.009
6.2	0.019
6.2	0.020
6.2	-0.009
6.2	-0.026
6.2	-0.015
6.2	-0.008
6.2	-0.003
6.2	0.022
6.2	0.006
6.2	-0.034
6.2	-0.016
6.2	-0.009
6.2	0.029
6.2	0.006
6.2	-0.013
6.2	0.024
6.2	0.009
6.2	-0.006
6.2	0.029
6.2	0.010
6.2	0.004
6.2	0.000
6.2	0.001
6.2	0.010
6.2	0.002
6.2	0.012
6.2	-0.007
6.2	0.020
6.2	0.006
6.2	-0.024
6.2	-0.006
6.2	-0.007
6.2	-0.019
6.2	-0.019
6.2	-0.024
6.2	-0.015
6.2	0.008
6.2	0.006
6.2	0.000
6.2	-0.009
6.2	0.025
6.2	0.001
6.2	-0.017
6.2	0.013
6.2	-0.006
6.2	0.004
6.2	-0.000
6.2	0.015
6.2	-0.001
6.2	-0.008
6.2	-0.013
6.2	0.013
6.2	-0.005
6.3	-0.012
6.3	-0.021
6.3	-0.000
6.3	0.003
6.3	-0.012
6.3	-0.018
6.3	0.020
6.3	-0.000
6.3	-0.019
6.3	-0.026
6.3	-0.036
6.3	0.011
6.3	-0.013
6.3	-0.001
6.3	-0.009
6.3	-0.033
6.3	-0.011
6.3	0.005
6.3	0.025
6.3	0.009
6.3	0.007
6.3	0.016
6.3	-0.001
6.3	-0.017
6.3	0.041
6.3	-0.001
6.3	0.001
6.3	-0.010
6.3	0.010
6.3	0.022
6.3	0.014
6.3	-0.000
6.3	0.010
6.3	-0.004
6.3	0.003
6.3	0.013
6.3	0.023
6.3	0.012
6.3	0.002
6.3	0.012
6.3	0.025
6.3	0.011
6.3	-0.001
6.3	-0.010
6.3	0.004
6.3	-0.002
6.3	0.013
6.3	-0.008
6.3	-0.013
6.3	0.012
6.3	0.002
6.3	-0.005
6.3	0.010
6.3	0.004
6.3	-0.002
6.3	0.019
6.3	0.030
6.3	0.023
6.3	-0.006
6.3	0.018
6.3	0.006
6.3	-0.005
6.3	-0.023
6.3	0.033
6.3	0.030
6.3	0.019
6.3	0.021
6.3	0.015
6.3	-0.016
6.3	-0.016
6.3	0.016
6.3	0.029
6.3	-0.010
6.3	-0.020
6.3	-0.008
6.3	-0.004
6.3	0.011
6.3	0.025
6.3	0.015
6.3	-0.010
6.3	-0.015
6.3	-0.025
6.3	-0.027
6.3	-0.017
6.3	0.001
6.3	-0.003
6.3	0.002
6.3	-0.004
6.3	0.014
6.3	0.039
6.3	0.035
6.3	-0.001
6.3	0.002
6.3	-0.004
6.3	-0.016
6.3	-0.011
6.3	0.020
6.3	0.020
6.3	0.004
6.3	0.031
6.4	0.026
6.4	0.036
6.4	0.029
6.4	0.029
6.4	0.027
6.4	0.007
6.4	0.001
6.4	-0.028
6.4	0.014
6.4	0.020
6.4	-0.003
6.4	0.041
6.4	0.015
6.4	0.008
6.4	0.021
6.4	0.019
6.4	0.005
6.4	-0.006
6.4	-0.001
6.4	0.006
6.4	0.000
6.4	0.006
6.4	0.005
6.4	-0.003
6.4	-0.001
6.4	-0.010
6.4	0.023
6.4	0.020
6.4	0.002
6.4	-0.020
6.4	-0.012
6.4	0.019
6.4	0.026
6.4	0.011
6.4	0.024
6.4	0.015
6.4	0.008
6.4	-0.004
6.4	0.004
6.4	-0.005
6.4	-0.009
6.4	-0.017
6.4	-0.000
6.4	-0.017
6.4	-0.016
6.4	0.012
6.4	0.004
6.4	0.033
6.4	0.022
6.4	0.032
6.4	0.011
6.4	0.003
6.4	0.008
6.4	0.022
6.4	0.013
6.4	0.023
6.4	0.025
6.4	0.001
6.4	-0.001
6.4	0.012
6.4	0.007
6.4	0.005
6.4	0.011
6.4	-0.010
6.4	0.005
6.4	0.019
6.4	0.014
6.4	-0.011
6.4	0.006
6.4	0.007
6.4	-0.006
6.4	0.009
6.4	-0.001
6.4	0.009
6.4	-0.000
6.4	-0.018
6.4	0.005
6.4	0.022
6.4	0.029
6.4	0.034
6.4	0.042
6.4	-0.001
6.4	0.008
6.4	0.002
6.4	0.025
6.4	0.004
6.4	0.003
6.4	0.030
6.4	-0.001
6.4	0.018
6.4	0.017
6.4	-0.003
6.4	-0.002
6.4	0.004
6.4	0.014
6.4	-0.014
6.4	-0.022
6.4	0.030
6.5	-0.007
6.5	0.028
6.5	0.033
6.5	0.009
6.5	0.003
6.5	-0.002
6.5	-0.022
6.5	-0.017
6.5	0.007
6.5	0.009
6.5	0.013
6.5	-0.003
6.5	0.001
6.5	-0.001
6.5	0.002
6.5	0.015
6.5	0.007
6.5	0.022
6.5	0.006
6.5	0.015
6.5	0.012
6.5	0.020
6.5	0.010
6.5	0.040
6.5	0.023
6.5	0.007
6.5	0.032
6.5	0.010
6.5	-0.013
6.5	0.017
6.5	0.006
6.5	0.004
6.5	0.007
6.5	0.031
6.5	0.023
6.5	0.004
6.5	-0.015
6.5	0.003
6.5	0.000
6.5	0.027
6.5	0.015
6.5	0.009
6.5	-0.005
6.5	0.004
6.5	0.017
6.5	-0.001
6.5	0.000
6.5	-0.013
6.5	-0.001
6.5	-0.014
6.5	-0.011
6.5	-0.007
6.5	0.003
6.5	0.014
6.5	0.025
6.5	0.024
6.5	0.029
6.5	0.034
6.5	0.009
6.5	0.033
6.5	0.032
6.5	0.018
6.5	0.016
6.5	-0.001
6.5	0.009
6.5	0.017
6.5	0.031
6.5	0.003
6.5	0.012
6.5	-0.014
6.5	-0.000
6.5	0.015
6.5	0.001
6.5	0.002
6.5	-0.006
6.5	-0.003
6.5	0.007
6.5	-0.003
6.5	0.025
6.5	0.021
6.5	0.018
6.5	0.018
6.5	0.010
6.5	0.003
6.5	0.012
6.5	0.040
6.5	0.018
6.5	0.027
6.5	0.031
6.5	0.003
6.5	0.011
6.5	0.019
6.5	0.012
6.5	0.028
6.5	0.030
6.5	0.017
6.5	0.037
6.5	0.014
6.5	-0.010
6.5	-0.008
6.5	0.012
6.5	0.014
6.6	0.016
6.6	0.026
6.6	0.006
6.6	0.025
6.6	0.016
6.6	0.001
6.6	0.027
6.6	-0.001
6.6	-0.018
6.6	0.006
6.6	-0.001
6.6	0.024
6.6	0.007
6.6	-0.009
6.6	-0.003
6.6	0.027
6.6	-0.005
6.6	0.021
6.6	0.004
6.6	-0.006
6.6	-0.006
6.6	0.009
6.6	-0.008
6.6	-0.007
6.6	-0.001
6.6	-0.000
6.6	0.018
6.6	-0.012
6.6	-0.005
6.6	0.003
6.6	-0.011
6.6	-0.001
6.6	-0.016
6.6	0.011
6.6	0.003
6.6	-0.009
6.6	-0.013
6.6	-0.028
6.6	-0.001
6.6	-0.008
6.6	-0.011
6.6	0.012
6.6	0.037
6.6	0.020
6.6	0.014
6.6	-0.023
6.6	-0.021
6.6	-0.021
6.6	0.019
6.6	0.008
6.6	0.002
6.6	-0.036
6.6	-0.034
6.6	-0.021
6.6	0.032
6.6	0.016
6.6	0.031
6.6	0.013
6.6	0.018
6.6	0.004
6.6	0.002
6.6	0.042
6.6	0.014
6.6	0.007
6.6	-0.001
6.6	0.014
6.6	0.042
6.6	0.039
6.6	0.000
6.6	-0.022
6.6	0.019
6.6	0.017
6.6	-0.012
6.6	0.005
6.6	0.011
6.6	-0.013
6.6	-0.014
6.6	0.013
6.6	0.011
6.6	0.020
6.6	0.023
6.6	0.017
6.6	0.002
6.6	-0.027
6.6	0.013
6.6	0.024
6.6	0.006
6.6	-0.024
6.6	-0.025
6.6	-0.028
6.6	-0.003
6.6	0.020
6.6	-0.005
6.6	-0.007
6.6	0.002
6.6	-0.006
6.6	-0.006
6.6	-0.024
6.6	-0.023
6.7	0.025
6.7	0.010
6.7	-0.008
6.7	0.032
6.7	0.003
6.7	-0.013
6.7	-0.004
6.7	0.010
6.7	0.017
6.7	0.011
6.7	0.012
6.7	0.015
6.7	-0.007
6.7	0.018
6.7	-0.008
6.7	-0.005
6.7	0.005
6.7	0.002
6.7	0.016
6.7	0.042
6.7	0.016
6.7	0.002
6.7	-0.005
6.7	-0.012
6.7	-0.002
6.7	-0.016
6.7	0.003
6.7	0.014
6.7	-0.014
6.7	-0.014
6.7	0.006
6.7	0.014
6.7	-0.007
6.7	0.011
6.7	-0.019
6.7	0.002
6.7	-0.005
6.7	-0.000
6.7	0.007
6.7	-0.008
6.7	0.025
6.7	0.022
6.7	-0.000
6.7	-0.017
6.7	0.015
6.7	-0.018
6.7	0.022
6.7	0.011
6.7	0.001
6.7	-0.023
6.7	0.024
6.7	0.010
6.7	0.044
6.7	0.032
6.7	0.011
6.7	0.026
6.7	-0.002
6.7	0.018
6.7	0.000
6.7	0.002
6.7	0.000
6.7	0.010
6.7	0.001
6.7	-0.019
6.7	0.016
6.7	0.000
6.7	-0.011
6.7	0.024
6.7	0.001
6.7	0.051
6.7	0.017
6.7	-0.004
6.7	-0.020
6.7	-0.006
6.7	0.018
6.7	0.005
6.7	0.022
6.7	0.009
6.7	0.011
6.7	0.003
6.7	0.004
6.7	0.017
6.7	0.011
6.7	0.019
6.7	0.016
6.7	0.032
6.7	0.007
6.7	0.008
6.7	0.002
6.7	0.001
6.7	0.024
6.7	0.003
6.7	0.008
6.7	-0.006
6.7	-0.010
6.7	0.011
6.7	0.016
6.7	-0.013
6.7	-0.014
6.7	0.029
6.8	0.020
6.8	0.009
6.8	-0.018
6.8	-0.030
6.8	-0.031
6.8	0.011
6.8	0.014
6.8	-0.001
6.8	0.026
6.8	0.002
6.8	-0.003
6.8	-0.005
6.8	-0.004
6.8	0.014
6.8	0.013
6.8	0.024
6.8	0.000
6.8	-0.020
6.8	-0.010
6.8	-0.017
6.8	0.005
6.8	-0.008
6.8	0.019
6.8	0.007
6.8	0.008
6.8	0.021
6.8	0.022
6.8	0.010
6.8	0.021
6.8	0.020
6.8	-0.018
6.8	0.007
6.8	-0.002
6.8	0.016
6.8	0.027
6.8	0.004
6.8	0.006
6.8	0.010
6.8	-0.010
6.8	-0.002
6.8	-0.023
6.8	-0.031
6.8	0.001
6.8	0.026
6.8	0.016
6.8	0.004
6.8	-0.017
6.8	0.013
6.8	0.031
6.8	0.017
6.8	-0.019
6.8	-0.010
6.8	0.008
6.8	0.006
6.8	0.021
6.8	-0.011
6.8	0.016
6.8	0.017
6.8	-0.003
6.8	0.014
6.8	0.004
6.8	-0.013
6.8	-0.018
6.8	0.000
6.8	0.025
6.8	0.035
6.8	0.015
6.8	0.019
6.8	0.038
6.8	0.014
6.8	0.002
6.8	0.001
6.8	0.015
6.8	0.034
6.8	0.011
6.8	0.003
6.8	-0.013
6.8	-0.022
6.8	0.055
6.8	0.017
6.8	0.002
6.8	-0.020
6.8	-0.013
6.8	0.019
6.8	0.008
6.8	0.002
6.8	0.002
6.8	0.011
6.8	0.000
6.8	0.001
6.8	-0.011
6.8	-0.026
6.8	0.027
6.8	0.033
6.8	-0.012
6.8	0.008
6.8	0.001
6.8	0.034
6.8	0.020
6.8	0.010
6.8	0.034
6.9	0.016
6.9	0.002
6.9	0.005
6.9	-0.014
6.9	0.010
6.9	-0.009
6.9	0.030
6.9	0.028
6.9	0.031
6.9	0.001
6.9	-0.005
6.9	0.006
6.9	0.017
6.9	0.017
6.9	-0.005
6.9	-0.008
6.9	-0.020
6.9	0.010
6.9	-0.018
6.9	-0.012
6.9	-0.016
6.9	-0.003
6.9	0.036
6.9	0.018
6.9	0.025
6.9	0.036
6.9	0.033
6.9	0.019
6.9	-0.003
6.9	-0.020
6.9	0.029
6.9	0.016
6.9	0.017
6.9	0.011
6.9	-0.003
6.9	-0.001
6.9	0.000
6.9	-0.005
6.9	-0.017
6.9	0.002
6.9	0.004
6.9	-0.003
6.9	0.011
6.9	0.025
6.9	0.014
6.9	0.004
6.9	-0.031
6.9	-0.014
6.9	0.015
6.9	0.008
6.9	0.025
6.9	0.022
6.9	0.017
6.9	0.009
6.9	0.002
6.9	0.024
6.9	0.005
6.9	-0.020
6.9	-0.024
6.9	-0.022
6.9	0.004
6.9	0.013
6.9	0.022
6.9	-0.006
6.9	-0.021
6.9	-0.047
6.9	0.016
6.9	-0.016
6.9	0.013
6.9	0.022
6.9	-0.003
6.9	-0.024
6.9	-0.016
6.9	0.016
6.9	0.008
6.9	0.014
6.9	-0.002
6.9	0.002
6.9	0.011
6.9	0.037
6.9	0.029
6.9	0.019
6.9	0.022
6.9	0.060
6.9	0.028
6.9	0.001
6.9	0.022
6.9	0.013
6.9	0.019
6.9	-0.002
6.9	-0.009
6.9	0.008
6.9	0.015
6.9	0.018
6.9	0.043
6.9	-0.008
6.9	0.006
6.9	0.025
7.0	0.033
7.0	-0.008
7.0	-0.023
7.0	-0.011
7.0	0.004
7.0	-0.012
7.0	-0.023
7.0	0.023
7.0	0.034
7.0	0.001
7.0	-0.002
7.0	-0.006
7.0	-0.003
7.0	0.022
7.0	0.020
7.0	0.029
7.0	0.012
7.0	0.011
7.0	0.023
7.0	-0.002
7.0	-0.016
7.0	-0.016
7.0	-0.021
7.0	-0.013
7.0	-0.002
7.0	0.006
7.0	-0.003
7.0	-0.018
7.0	-0.005
7.0	-0.005
7.0	0.006
7.0	0.014
7.0	-0.000
7.0	-0.014
7.0	-0.007
7.0	0.005
7.0	0.004
7.0	-0.002
7.0	-0.009
7.0	-0.011
7.0	-0.024
7.0	-0.008
7.0	-0.011
7.0	0.002
7.0	-0.011
7.0	0.001
7.0	0.004
7.0	0.010
7.0	-0.002
7.0	-0.016
7.0	-0.013
7.0	0.024
7.0	0.014
7.0	0.013
7.0	0.022
7.0	0.011
7.0	0.016
7.0	-0.004
7.0	0.016
7.0	-0.011
7.0	0.005
7.0	0.007
7.0	0.022
7.0	0.009
7.0	0.013
7.0	-0.003
7.0	-0.001
7.0	-0.015
7.0	-0.006
7.0	-0.001
7.0	-0.000
7.0	0.002
7.0	-0.001
7.0	-0.002
7.0	0.024
7.0	0.029
7.0	0.007
7.0	-0.002
7.0	-0.012
7.0	0.005
7.0	-0.001
7.0	0.004
7.0	-0.006
7.0	0.007
7.0	0.008
7.0	0.009
7.0	-0.007
7.0	-0.017
7.0	-0.014
7.0	0.010
7.0	-0.021
7.0	-0.021
7.0	0.001
7.0	-0.006
7.0	-0.022
7.0	-0.024
7.0	-0.005
7.0	-0.006
7.0	0.019
7.0	0.008
7.0	0.020
7.1	0.013
7.1	-0.006
7.1	-0.027
7.1	0.007
7.1	-0.008
7.1	0.020
7.1	0.012
7.1	0.011
7.1	0.003
7.1	-0.008
7.1	-0.007
7.1	0.000
7.1	0.013
7.1	0.006
7.1	0.009
7.1	-0.003
7.1	-0.001
7.1	0.010
7.1	0.013
7.1	-0.012
7.1	-0.009
7.1	-0.019
7.1	-0.017
7.1	0.016
7.1	0.009
7.1	0.002
7.1	0.004
7.1	0.017
7.1	-0.005
7.1	0.017
7.1	-0.003
7.1	-0.002
7.1	-0.001
7.1	0.013
7.1	-0.010
7.1	-0.009
7.1	-0.005
7.1	-0.001
7.1	0.010
7.1	0.014
7.1	-0.002
7.1	-0.019
7.1	0.001
7.1	-0.005
7.1	-0.013
7.1	-0.004
7.1	-0.014
7.1	0.007
7.1	-0.001
7.1	-0.002
7.1	-0.001
7.1	-0.005
7.1	-0.013
7.1	0.004
7.1	-0.005
7.1	0.010
7.1	0.017
7.1	0.019
7.1	0.017
7.1	-0.008
7.1	-0.009
7.1	-0.006
7.1	0.007
7.1	0.005
7.1	0.006
7.1	-0.008
7.1	-0.008
7.1	-0.008
7.1	-0.011
7.1	0.010
7.1	-0.014
7.1	-0.005
7.1	-0.012
7.1	-0.008
7.1	-0.029
7.1	-0.040
7.1	0.017
7.1	0.027
7.1	0.010
7.1	0.020
7.1	0.004
7.1	0.014
7.1	0.015
7.1	0.026
7.1	0.024
7.1	-0.006
7.1	0.008
7.1	0.017
7.1	-0.008
7.1	0.003
7.1	0.001
7.1	0.007
7.1	0.016
7.1	0.003
7.1	-0.000
7.1	0.001
7.1	0.017
7.1	0.012
7.1	-0.015
7.2	0.000
7.2	0.018
7.2	0.019
7.2	0.008
7.2	-0.001
7.2	-0.014
7.2	-0.000
7.2	-0.009
7.2	-0.000
7.2	-0.000
7.2	-0.011
7.2	0.031
7.2	0.024
7.2	0.002
7.2	0.006
7.2	-0.015
7.2	-0.008
7.2	0.022
7.2	0.013
7.2	0.002
7.2	-0.007
7.2	0.000
7.2	0.004
7.2	-0.004
7.2	-0.010
7.2	-0.022
7.2	-0.004
7.2	0.010
7.2	0.006
7.2	-0.001
7.2	-0.015
7.2	-0.009
7.2	-0.016
7.2	-0.007
7.2	-0.014
7.2	0.013
7.2	0.008
7.2	0.001
7.2	0.010
7.2	-0.014
7.2	0.011
7.2	0.021
7.2	0.021
7.2	-0.005
7.2	0.010
7.2	0.002
7.2	0.016
7.2	-0.011
7.2	0.013
7.2	0.021
7.2	0.010
7.2	0.030
7.2	0.041
7.2	0.004
7.2	0.015
7.2	-0.008
7.2	0.036
7.2	0.018
7.2	-0.007
7.2	-0.006
7.2	0.012
7.2	-0.004
7.2	0.017
7.2	0.006
7.2	0.029
7.2	0.022
7.2	-0.004
7.2	0.002
7.2	0.006
7.2	0.016
7.2	0.003
7.2	0.010
7.2	0.015
7.2	0.024
7.2	0.027
7.2	0.004
7.2	-0.006
7.2	-0.011
7.2	0.008
7.2	-0.015
7.2	-0.003
7.2	-0.009
7.2	0.016
7.2	-0.004
7.2	-0.003
7.2	-0.017
7.2	-0.001
7.2	-0.001
7.2	-0.012
7.2	0.008
7.2	0.021
7.2	0.015
7.2	0.004
7.2	-0.011
7.2	0.002
7.2	-0.007
7.2	0.009
7.2	0.002
7.2	0.000
7.2	-0.012
7.2	0.007
7.2	0.003
7.3	0.026
7.3	0.015
7.3	0.005
7.3	-0.006
7.3	-0.018
7.3	0.002
7.3	-0.002
7.3	0.003
7.3	-0.012
7.3	-0.014
7.3	-0.026
7.3	-0.030
7.3	-0.003
7.3	0.009
7.3	-0.007
7.3	0.008
7.3	0.008
7.3	-0.008
7.3	0.025
7.3	0.007
7.3	0.022
7.3	-0.010
7.3	0.011
7.3	0.053
7.3	0.016
7.3	-0.007
7.3	0.004
7.3	-0.009
7.3	0.004
7.3	0.010
7.3	0.011
7.3	0.022
7.3	-0.002
7.3	0.014
7.3	-0.013
7.3	-0.014
7.3	-0.011
7.3	-0.020
7.3	0.003
7.3	0.013
7.3	0.005
7.3	-0.016
7.3	-0.010
7.3	0.002
7.3	0.022
7.3	0.011
7.3	-0.007
7.3	0.044
7.3	0.001
7.3	0.015
7.3	0.000
7.3	0.012
7.3	0.017
7.3	0.014
7.3	-0.002
7.3	0.013
7.3	0.020
7.3	0.004
7.3	-0.004
7.3	-0.023
7.3	-0.014
7.3	0.015
7.3	0.031
7.3	-0.000
7.3	-0.050
7.3	-0.032
7.3	-0.026
7.3	-0.026
7.3	0.008
7.3	-0.003
7.3	0.024
7.3	0.000
7.3	-0.018
7.3	-0.010
7.3	0.013
7.3	0.011
7.3	-0.010
7.3	0.003
7.3	0.007
7.3	0.015
7.3	0.001
7.3	0.002
7.3	0.002
7.3	-0.010
7.3	-0.029
7.3	-0.002
7.3	-0.004
7.3	-0.013
7.3	0.019
7.3	-0.009
7.3	-0.012
7.3	0.011
7.3	-0.007
7.3	0.027
7.3	0.011
7.3	0.008
7.3	-0.024
7.3	0.020
7.3	-0.004
7.4	0.023
7.4	0.010
7.4	-0.007
7.4	0.026
7.4	0.019
7.4	0.044
7.4	0.021
7.4	0.003
7.4	-0.014
7.4	0.003
7.4	-0.011
7.4	0.009
7.4	0.019
7.4	0.023
7.4	-0.007
7.4	0.030
7.4	-0.005
7.4	0.023
7.4	0.037
7.4	0.007
7.4	0.023
7.4	0.022
7.4	0.012
7.4	0.008
7.4	0.026
7.4	0.011
7.4	0.039
7.4	0.026
7.4	0.015
7.4	0.016
7.4	-0.009
7.4	-0.005
7.4	-0.009
7.4	0.013
7.4	-0.010
7.4	-0.012
7.4	0.008
7.4	0.008
7.4	0.006
7.4	0.021
7.4	0.001
7.4	-0.002
7.4	-0.000
7.4	0.006
7.4	-0.007
7.4	-0.024
7.4	-0.021
7.4	0.014
7.4	0.005
7.4	0.011
7.4	0.018
7.4	0.019
7.4	0.006
7.4	-0.005
7.4	0.026
7.4	0.024
7.4	0.012
7.4	-0.016
7.4	0.002
7.4	-0.008
7.4	-0.001
7.4	-0.010
7.4	-0.009
7.4	-0.038
7.4	0.005
7.4	-0.009
7.4	0.002
7.4	0.014
7.4	-0.022
7.4	-0.023
7.4	0.010
7.4	0.011
7.4	0.018
7.4	0.004
7.4	0.012
7.4	-0.008
7.4	-0.028
7.4	-0.014
7.4	-0.023
7.4	0.003
7.4	0.003
7.4	0.022
7.4	0.018
7.4	0.022
7.4	0.025
7.4	0.027
7.4	0.017
7.4	0.017
7.4	0.008
7.4	0.017
7.4	-0.008
7.4	0.003
7.4	-0.009
7.4	0.000
7.4	0.007
7.4	0.006
7.4	0.003
7.4	0.006
7.4	-0.004
7.5	0.003
7.5	0.016
7.5	0.000
7.5	-0.013
7.5	-0.002
7.5	0.010
7.5	0.012
7.5	-0.006
7.5	0.018
7.5	0.007
7.5	0.011
7.5	0.019
7.5	0.000
7.5	-0.019
7.5	-0.007
7.5	0.004
7.5	0.008
7.5	-0.008
7.5	0.002
7.5	-0.011
7.5	-0.010
7.5	-0.015
7.5	0.003
7.5	-0.002
7.5	-0.018
7.5	-0.002
7.5	-0.007
7.5	0.015
7.5	0.010
7.5	-0.015
7.5	0.005
7.5	-0.010
7.5	-0.013
7.5	-0.019
7.5	-0.018
7.5	0.013
7.5	0.020
7.5	0.005
7.5	0.008
7.5	0.024
7.5	0.004
7.5	0.009
7.5	0.005
7.5	-0.013
7.5	-0.000
7.5	-0.012
7.5	-0.002
7.5	0.011
7.5	0.013
7.5	0.022
7.5	-0.011
7.5	-0.011
7.5	0.013
7.5	0.019
7.5	0.006
7.5	0.007
7.5	0.000
7.5	0.022
7.5	0.041
7.5	0.012
7.5	0.025
7.5	0.011
7.5	0.023
7.5	-0.007
7.5	0.008
7.5	-0.000
7.5	-0.006
7.5	0.025
7.5	0.007
7.5	-0.004
7.5	-0.015
7.5	0.001
7.5	0.010
7.5	0.001
7.5	-0.001
7.5	0.002
7.5	-0.004
7.5	0.020
7.5	0.002
7.5	0.007
7.5	0.018
7.5	0.010
7.5	0.023
7.5	0.003
7.5	0.020
7.5	-0.002
7.5	0.001
7.5	0.021
7.5	-0.003
7.5	0.023
7.5	0.034
7.5	-0.000
7.5	-0.012
7.5	-0.028
7.5	-0.024
7.5	-0.015
7.5	-0.018
7.5	0.006
7.5	0.009
7.5	0.020
7.5	0.028
7.6	0.005
7.6	-0.007
7.6	-0.001
7.6	-0.009
7.6	-0.026
7.6	-0.001
7.6	-0.025
7.6	-0.010
7.6	0.007
7.6	-0.009
7.6	-0.007
7.6	0.000
7.6	-0.006
7.6	0.006
7.6	0.006
7.6	0.005
7.6	0.022
7.6	0.037
7.6	0.004
7.6	-0.014
7.6	-0.017
7.6	0.023
7.6	0.025
7.6	0.018
7.6	0.011
7.6	-0.011
7.6	0.024
7.6	-0.008
7.6	-0.010
7.6	0.016
7.6	-0.010
7.6	0.001
7.6	-0.009
7.6	-0.006
7.6	-0.016
7.6	-0.002
7.6	0.020
7.6	-0.005
7.6	0.002
7.6	0.013
7.6	0.010
7.6	-0.009
7.6	0.003
7.6	0.010
7.6	0.016
7.6	0.016
7.6	-0.003
7.6	-0.015
7.6	0.005
7.6	-0.004
7.6	-0.020
7.6	-0.000
7.6	0.015
7.6	-0.010
7.6	-0.012
7.6	-0.006
7.6	-0.016
7.6	-0.002
7.6	0.005
7.6	-0.010
7.6	0.012
7.6	-0.012
7.6	-0.007
7.6	0.015
7.6	0.008
7.6	-0.013
7.6	-0.004
7.6	0.008
7.6	0.000
7.6	0.002
7.6	0.011
7.6	0.015
7.6	-0.014
7.6	0.000
7.6	-0.015
7.6	-0.008
7.6	-0.020
7.6	0.010
7.6	0.001
7.6	0.002
7.6	-0.017
7.6	-0.008
7.6	0.009
7.6	-0.002
7.6	0.012
7.6	0.014
7.6	0.021
7.6	0.015
7.6	0.020
7.6	-0.001
7.6	0.034
7.6	0.024
7.6	0.044
7.6	0.006
7.6	-0.018
7.6	0.002
7.6	-0.014
7.6	0.010
7.6	0.006
7.7	0.013
7.7	-0.015
7.7	0.003
7.7	-0.000
7.7	-0.014
7.7	-0.018
7.7	-0.023
7.7	0.008
7.7	0.023
7.7	0.021
7.7	0.002
7.7	-0.012
7.7	-0.016
7.7	0.014
7.7	0.009
7.7	0.008
7.7	-0.003
7.7	0.004
7.7	0.008
7.7	0.026
7.7	0.028
7.7	0.025
7.7	0.017
7.7	0.020
7.7	0.024
7.7	-0.002
7.7	0.008
7.7	0.002
7.7	-0.006
7.7	0.035
7.7	0.001
7.7	-0.003
7.7	-0.010
7.7	0.022
7.7	0.002
7.7	-0.002
7.7	0.026
7.7	0.013
7.7	0.024
7.7	0.027
7.7	0.026
7.7	0.021
7.7	0.034
7.7	0.029
7.7	0.034
7.7	0.027
7.7	0.012
7.7	0.007
7.7	0.007
7.7	0.007
7.7	-0.002
7.7	0.004
7.7	0.009
7.7	-0.009
7.7	0.033
7.7	0.032
7.7	0.027
7.7	-0.002
7.7	-0.017
7.7	-0.012
7.7	0.011
7.7	0.005
7.7	-0.018
7.7	-0.017
7.7	-0.012
7.7	-0.021
7.7	0.022
7.7	0.023
7.7	0.042
7.7	0.026
7.7	0.041
7.7	0.055
7.7	0.026
7.7	0.032
7.7	0.015
7.7	-0.007
7.7	0.013
7.7	0.003
7.7	-0.009
7.7	-0.003
7.7	0.011
7.7	0.017
7.7	0.021
7.7	0.032
7.7	0.029
7.7	0.024
7.7	0.027
7.7	0.012
7.7	0.014
7.7	-0.008
7.7	0.010
7.7	0.026
7.7	0.022
7.7	-0.020
7.7	0.042
7.7	0.019
7.7	0.023
7.7	0.008
7.7	-0.024
7.7	0.000
7.8	-0.008
7.8	0.011
7.8	0.027
7.8	0.025
7.8	-0.001
7.8	0.014
7.8	0.010
7.8	0.001
7.8	-0.010
7.8	-0.011
7.8	0.009
7.8	-0.006
7.8	-0.000
7.8	-0.015
7.8	0.008
7.8	0.005
7.8	-0.005
7.8	0.002
7.8	0.030
7.8	0.029
7.8	0.013
7.8	-0.002
7.8	-0.012
7.8	-0.011
7.8	-0.021
7.8	-0.014
7.8	-0.016
7.8	-0.010
7.8	0.012
7.8	0.000
7.8	-0.009
7.8	-0.007
7.8	0.005
7.8	-0.018
7.8	0.019
7.8	0.001
7.8	-0.009
7.8	0.001
7.8	0.003
7.8	0.016
7.8	0.020
7.8	0.014
7.8	0.010
7.8	0.008
7.8	0.005
7.8	0.013
7.8	-0.012
7.8	-0.002
7.8	0.028
7.8	0.038
7.8	0.026
7.8	-0.009
7.8	-0.025
7.8	-0.040
7.8	-0.031
7.8	-0.027
7.8	-0.006
7.8	-0.007
7.8	0.008
7.8	0.009
7.8	-0.003
7.8	0.021
7.8	-0.004
7.8	-0.018
7.8	-0.005
7.8	-0.017
7.8	-0.000
7.8	-0.019
7.8	-0.015
7.8	-0.036
7.8	-0.004
7.8	0.035
7.8	0.035
7.8	0.011
7.8	0.004
7.8	-0.003
7.8	-0.011
7.8	-0.018
7.8	0.006
7.8	0.009
7.8	0.013
7.8	0.021
7.8	-0.000
7.8	0.002
7.8	0.005
7.8	0.006
7.8	0.010
7.8	0.003
7.8	-0.005
7.8	-0.019
7.8	-0.002
7.8	0.003
7.8	0.004
7.8	0.003
7.8	0.003
7.8	0.006
7.8	0.012
7.8	0.014
7.8	0.007
7.8	-0.003
7.8	0.007
7.8	0.008
7.9	-0.003
7.9	0.002
7.9	0.001
7.9	-0.009
7.9	0.007
7.9	-0.007
7.9	-0.008
7.9	-0.019
7.9	-0.003
7.9	0.002
7.9	0.000
7.9	-0.011
7.9	0.001
7.9	0.003
7.9	-0.003
7.9	-0.015
7.9	0.019
7.9	0.006
7.9	0.002
7.9	0.009
7.9	0.007
7.9	-0.009
7.9	-0.017
7.9	0.006
7.9	-0.004
7.9	0.009
7.9	0.007
7.9	0.003
7.9	0.014
7.9	0.007
7.9	0.005
7.9	0.018
7.9	0.007
7.9	-0.019
7.9	-0.001
7.9	0.012
7.9	0.004
7.9	0.016
7.9	-0.002
7.9	-0.011
7.9	-0.005
7.9	0.022
7.9	0.015
7.9	-0.001
7.9	0.018
7.9	0.005
7.9	0.015
7.9	0.030
7.9	0.031
7.9	0.005
7.9	-0.008
7.9	0.007
7.9	-0.010
7.9	0.008
7.9	0.013
7.9	0.045
7.9	0.021
7.9	0.023
7.9	0.006
7.9	0.010
7.9	-0.002
7.9	-0.001
7.9	-0.015
7.9	0.004
7.9	0.005
7.9	0.002
7.9	0.016
7.9	0.013
7.9	0.012
7.9	0.020
7.9	0.033
7.9	-0.004
7.9	-0.021
7.9	-0.030
7.9	-0.027
7.9	-0.018
7.9	-0.006
7.9	-0.012
7.9	0.030
7.9	-0.003
7.9	-0.001
7.9	0.016
7.9	0.056
7.9	0.059
7.9	0.015
7.9	-0.010
7.9	-0.020
7.9	-0.011
7.9	-0.011
7.9	-0.025
7.9	-0.003
7.9	-0.007
7.9	-0.014
7.9	-0.027
7.9	-0.014
7.9	0.034
7.9	-0.002
7.9	-0.006
8.0	0.008
8.0	-0.009
8.0	0.002
8.0	-0.025
8.0	-0.006
8.0	0.033
8.0	-0.000
8.0	-0.007
8.0	-0.009
8.0	-0.021
8.0	0.004
8.0	0.001
8.0	0.003
8.0	-0.009
8.0	-0.030
8.0	-0.026
8.0	0.001
8.0	-0.008
8.0	-0.019
8.0	-0.002
8.0	-0.008
8.0	-0.001
8.0	0.009
8.0	0.009
8.0	-0.017
8.0	0.008
8.0	0.017
8.0	0.007
8.0	0.004
8.0	-0.002
8.0	-0.009
8.0	-0.015
8.0	-0.009
8.0	-0.013
8.0	-0.009
8.0	0.002
8.0	-0.010
8.0	-0.030
8.0	-0.014
8.0	-0.030
8.0	0.006
8.0	-0.003
8.0	-0.002
8.0	-0.020
8.0	-0.035
8.0	-0.036
8.0	-0.002
8.0	-0.006
8.0	-0.011
8.0	0.020
8.0	0.017
8.0	-0.013
8.0	-0.017
8.0	0.002
8.0	-0.006
8.0	0.011
8.0	-0.000
8.0	-0.018
8.0	-0.013
8.0	-0.005
8.0	-0.009
8.0	-0.014
8.0	-0.017
8.0	0.017
8.0	0.002
8.0	0.007
8.0	-0.012
8.0	-0.016
8.0	-0.004
8.0	-0.005
8.0	-0.010
8.0	0.046
8.0	0.007
8.0	0.012
8.0	0.015
8.0	0.011
8.0	0.010
8.0	-0.020
8.0	-0.013
8.0	0.005
8.0	-0.004
8.0	0.010
8.0	0.003
8.0	0.009
8.0	0.021
8.0	0.008
8.0	0.022
8.0	0.004
8.0	0.008
8.0	0.001
8.0	0.008
8.0	0.010
8.0	0.010
8.0	0.011
8.0	0.014
8.0	0.016
8.0	0.011
8.0	0.019
8.0	0.032
8.0	0.005
8.1	-0.010
8.1	0.000
8.1	0.017
8.1	0.004
8.1	-0.012
8.1	0.005
8.1	0.024
8.1	0.041
8.1	0.014
8.1	-0.013
8.1	-0.020
8.1	-0.008
8.1	0.025
8.1	0.004
8.1	0.001
8.1	0.008
8.1	0.021
8.1	0.026
8.1	0.021
8.1	-0.013
8.1	-0.007
8.1	-0.018
8.1	-0.005
8.1	-0.011
8.1	-0.011
8.1	-0.001
8.1	0.009
8.1	-0.001
8.1	-0.020
8.1	-0.024
8.1	0.006
8.1	0.031
8.1	0.018
8.1	0.014
8.1	0.016
8.1	0.000
8.1	-0.002
8.1	0.004
8.1	-0.016
8.1	-0.027
8.1	0.020
8.1	0.012
8.1	-0.000
8.1	0.014
8.1	0.005
8.1	-0.002
8.1	-0.005
8.1	0.006
8.1	-0.019
8.1	-0.016
8.1	0.010
8.1	0.008
8.1	-0.008
8.1	0.000
8.1	0.009
8.1	0.031
8.1	0.007
8.1	0.010
8.1	0.002
8.1	0.012
8.1	-0.004
8.1	0.005
8.1	0.003
8.1	-0.014
8.1	0.001
8.1	-0.008
8.1	-0.008
8.1	0.023
8.1	0.032
8.1	-0.010
8.1	0.026
8.1	0.010
8.1	0.018
8.1	-0.001
8.1	-0.020
8.1	-0.011
8.1	-0.009
8.1	-0.006
8.1	0.015
8.1	0.010
8.1	0.012
8.1	0.028
8.1	0.020
8.1	0.003
8.1	-0.017
8.1	-0.005
8.1	0.001
8.1	-0.001
8.1	-0.001
8.1	0.012
8.1	0.010
8.1	0.018
8.1	0.020
8.1	-0.004
8.1	0.001
8.1	-0.018
8.1	-0.023
8.1	-0.009
8.1	-0.000
8.1	0.004
8.2	0.017
8.2	-0.004
8.2	-0.002
8.2	-0.011
8.2	-0.015
8.2	-0.017
8.2	0.010
8.2	-0.012
8.2	-0.001
8.2	0.037
8.2	-0.000
8.2	-0.018
8.2	0.003
8.2	0.019
8.2	-0.010
8.2	0.011
8.2	0.029
8.2	0.015
8.2	0.018
8.2	0.002
8.2	-0.006
8.2	0.008
8.2	-0.006
8.2	-0.007
8.2	0.001
8.2	0.023
8.2	0.019
8.2	0.024
8.2	0.031
8.2	0.003
8.2	0.005
8.2	0.056
8.2	0.025
8.2	0.001
8.2	0.017
8.2	0.037
8.2	0.017
8.2	0.010
8.2	-0.002
8.2	-0.001
8.2	-0.013
8.2	0.012
8.2	0.047
8.2	0.024
8.2	0.044
8.2	0.023
8.2	-0.001
8.2	0.007
8.2	-0.010
8.2	-0.007
8.2	0.001
8.2	0.023
8.2	0.020
8.2	-0.010
8.2	0.002
8.2	-0.001
8.2	0.019
8.2	0.009
8.2	0.020
8.2	0.005
8.2	-0.011
8.2	0.006
8.2	0.019
8.2	0.010
8.2	-0.011
8.2	-0.001
8.2	-0.003
8.2	0.010
8.2	0.012
8.2	0.018
8.2	0.003
8.2	0.007
8.2	-0.009
8.2	0.003
8.2	0.005
8.2	0.009
8.2	0.020
8.2	-0.013
8.2	0.038
8.2	0.039
8.2	0.024
8.2	0.005
8.2	0.000
8.2	-0.001
8.2	0.002
8.2	-0.007
8.2	0.024
8.2	0.010
8.2	0.013
8.2	0.009
8.2	-0.010
8.2	-0.008
8.2	0.002
8.2	0.016
8.2	0.011
8.2	-0.017
8.2	0.002
8.2	0.002
8.2	0.004
8.2	0.015
8.2	0.026
8.3	0.003
8.3	0.035
8.3	0.030
8.3	0.009
8.3	0.013
8.3	0.009
8.3	-0.008
8.3	-0.007
8.3	-0.017
8.3	-0.008
8.3	-0.005
8.3	0.002
8.3	0.020
8.3	-0.005
8.3	0.003
8.3	-0.003
8.3	-0.023
8.3	-0.001
8.3	-0.025
8.3	-0.018
8.3	0.005
8.3	0.019
8.3	0.005
8.3	0.010
8.3	0.013
8.3	0.033
8.3	0.011
8.3	0.012
8.3	0.007
8.3	0.025
8.3	-0.004
8.3	-0.001
8.3	0.011
8.3	0.031
8.3	0.017
8.3	0.003
8.3	0.016
8.3	0.010
8.3	0.003
8.3	0.003
8.3	0.002
8.3	-0.002
8.3	0.027
8.3	0.023
8.3	0.018
8.3	0.015
8.3	0.029
8.3	-0.000
8.3	-0.009
8.3	0.007
8.3	-0.007
8.3	-0.010
8.3	-0.007
8.3	-0.003
8.3	-0.032
8.3	0.004
8.3	0.011
8.3	0.022
8.3	0.010
8.3	0.020
8.3	-0.029
8.3	-0.000
8.3	0.013
8.3	-0.003
8.3	-0.009
8.3	-0.001
8.3	-0.003
8.3	0.012
8.3	0.012
8.3	0.019
8.3	0.015
8.3	-0.005
8.3	0.018
8.3	0.042
8.3	0.048
8.3	0.020
8.3	-0.017
8.3	0.016
8.3	0.013
8.3	0.024
8.3	0.024
8.3	0.027
8.3	0.027
8.3	0.029
8.3	0.034
8.3	0.024
8.3	0.004
8.3	0.005
8.3	-0.005
8.3	-0.010
8.3	-0.002
8.3	0.004
8.3	-0.009
8.3	0.016
8.3	0.015
8.3	-0.011
8.3	-0.009
8.3	0.012
8.3	0.033
8.3	0.014
8.4	0.019
8.4	-0.018
8.4	-0.028
8.4	0.005
8.4	-0.015
8.4	-0.009
8.4	-0.020
8.4	0.008
8.4	0.010
8.4	0.007
8.4	-0.006
8.4	-0.007
8.4	0.012
8.4	0.020
8.4	0.009
8.4	-0.006
8.4	-0.005
8.4	0.020
8.4	0.033
8.4	0.025
8.4	-0.027
8.4	0.015
8.4	-0.012
8.4	0.000
8.4	0.011
8.4	0.036
8.4	0.021
8.4	0.014
8.4	0.000
8.4	-0.005
8.4	-0.006
8.4	-0.009
8.4	-0.013
8.4	-0.009
8.4	-0.010
8.4	0.002
8.4	0.009
8.4	-0.006
8.4	0.015
8.4	0.008
8.4	-0.006
8.4	-0.025
8.4	-0.014
8.4	-0.018
8.4	0.009
8.4	0.023
8.4	0.030
8.4	0.019
8.4	-0.004
8.4	0.016
8.4	0.019
8.4	0.002
8.4	0.043
8.4	0.018
8.4	0.017
8.4	0.019
8.4	0.006
8.4	-0.012
8.4	0.024
8.4	0.003
8.4	-0.019
8.4	0.004
8.4	0.012
8.4	0.017
8.4	0.006
8.4	0.008
8.4	-0.002
8.4	-0.026
8.4	0.020
8.4	0.026
8.4	0.015
8.4	0.026
8.4	0.012
8.4	0.014
8.4	0.010
8.4	0.015
8.4	0.010
8.4	0.008
8.4	0.032
8.4	0.037
8.4	0.031
8.4	0.012
8.4	0.046
8.4	0.018
8.4	0.008
8.4	-0.011
8.4	-0.001
8.4	0.010
8.4	-0.015
8.4	0.006
8.4	0.020
8.4	0.011
8.4	0.004
8.4	-0.000
8.4	0.023
8.4	0.014
8.4	-0.000
8.4	0.020
8.4	0.030
8.4	0.013
8.5	-0.014
8.5	-0.007
8.5	-0.002
8.5	-0.008
8.5	-0.006
8.5	0.005
8.5	-0.014
8.5	-0.022
8.5	-0.022
8.5	-0.007
8.5	0.036
8.5	-0.007
8.5	0.008
8.5	0.003
8.5	-0.008
8.5	-0.034
8.5	0.006
8.5	0.003
8.5	-0.002
8.5	0.018
8.5	0.004
8.5	-0.009
8.5	-0.000
8.5	0.005
8.5	0.013
8.5	0.010
8.5	0.023
8.5	0.028
8.5	0.006
8.5	0.006
8.5	0.020
8.5	0.008
8.5	0.029
8.5	-0.001
8.5	0.015
8.5	-0.008
8.5	0.032
8.5	0.020
8.5	-0.020
8.5	-0.004
8.5	-0.020
8.5	0.013
8.5	0.005
8.5	0.041
8.5	0.005
8.5	0.007
8.5	0.006
8.5	0.038
8.5	0.015
8.5	-0.006
8.5	0.023
8.5	-0.016
8.5	-0.013
8.5	-0.023
8.5	-0.020
8.5	-0.024
8.5	-0.001
8.5	0.019
8.5	-0.016
8.5	0.022
8.5	0.004
8.5	0.016
8.5	0.003
8.5	0.021
8.5	-0.003
8.5	-0.014
8.5	-0.018
8.5	-0.009
8.5	-0.017
8.5	0.011
8.5	-0.017
8.5	-0.006
8.5	-0.003
8.5	0.023
8.5	0.005
8.5	0.014
8.5	0.010
8.5	0.023
8.5	0.005
8.5	-0.003
8.5	0.011
8.5	0.015
8.5	0.021
8.5	0.018
8.5	0.039
8.5	0.024
8.5	-0.010
8.5	-0.012
8.5	0.009
8.5	0.002
8.5	0.019
8.5	0.015
8.5	0.013
8.5	0.006
8.5	0.009
8.5	-0.019
8.5	0.006
8.5	-0.000
8.5	-0.006
8.6	0.026
8.6	-0.002
8.6	0.021
8.6	-0.016
8.6	0.006
8.6	0.016
8.6	-0.005
8.6	-0.011
8.6	-0.013
8.6	-0.027
8.6	0.019
8.6	0.014
8.6	0.012
8.6	0.006
8.6	0.003
8.6	-0.036
8.6	-0.011
8.6	0.008
8.6	0.005
8.6	0.021
8.6	-0.016
8.6	-0.002
8.6	0.004
8.6	0.011
8.6	-0.002
8.6	0.013
8.6	0.002
8.6	0.016
8.6	0.003
8.6	0.012
8.6	-0.005
8.6	-0.017
8.6	-0.007
8.6	-0.021
8.6	-0.006
8.6	-0.006
8.6	-0.023
8.6	-0.002
8.6	-0.018
8.6	-0.010
8.6	-0.017
8.6	-0.028
8.6	-0.032
8.6	-0.006
8.6	-0.012
8.6	-0.009
8.6	0.021
8.6	-0.001
8.6	-0.010
8.6	-0.000
8.6	0.003
8.6	-0.021
8.6	-0.017
8.6	-0.031
8.6	-0.021
8.6	0.010
8.6	-0.014
8.6	-0.014
8.6	-0.002
8.6	-0.008
8.6	-0.010
8.6	-0.023
8.6	-0.003
8.6	0.017
8.6	0.006
8.6	0.023
8.6	0.011
8.6	-0.006
8.6	0.011
8.6	0.014
8.6	-0.001
8.6	0.001
8.6	-0.022
8.6	0.007
8.6	-0.007
8.6	-0.010
8.6	-0.025
8.6	-0.017
8.6	-0.001
8.6	-0.015
8.6	-0.013
8.6	0.010
8.6	-0.011
8.6	0.019
8.6	0.024
8.6	0.010
8.6	-0.014
8.6	-0.022
8.6	0.003
8.6	0.008
8.6	0.021
8.6	0.021
8.6	0.016
8.6	0.015
8.6	-0.002
8.6	0.022
8.6	0.010
8.6	0.002
8.6	-0.016
8.6	0.004
8.7	-0.011
8.7	0.009
8.7	-0.000
8.7	0.002
8.7	-0.002
8.7	-0.007
8.7	-0.010
8.7	-0.009
8.7	-0.016
8.7	0.006
8.7	-0.013
8.7	-0.018
8.7	-0.018
8.7	0.001
8.7	0.009
8.7	0.003
8.7	-0.006
8.7	-0.005
8.7	0.007
8.7	-0.002
8.7	-0.022
8.7	-0.021
8.7	-0.007
8.7	0.005
8.7	0.017
8.7	0.034
8.7	0.036
8.7	0.017
8.7	0.039
8.7	0.012
8.7	-0.014
8.7	0.015
8.7	-0.001
8.7	-0.010
8.7	-0.011
8.7	0.035
8.7	0.022
8.7	-0.005
8.7	0.016
8.7	-0.005
8.7	-0.020
8.7	-0.016
8.7	0.024
8.7	-0.014
8.7	0.025
8.7	0.006
8.7	0.002
8.7	-0.032
8.7	-0.023
8.7	-0.009
8.7	-0.012
8.7	-0.014
8.7	0.023
8.7	-0.005
8.7	0.002
8.7	-0.015
8.7	0.009
8.7	0.011
8.7	0.021
8.7	-0.002
8.7	-0.012
8.7	-0.016
8.7	-0.029
8.7	-0.020
8.7	0.001
8.7	0.030
8.7	-0.005
8.7	-0.019
8.7	-0.008
8.7	0.003
8.7	0.009
8.7	0.010
8.7	0.010
8.7	0.006
8.7	-0.017
8.7	0.033
8.7	0.002
8.7	0.012
8.7	0.005
8.7	-0.009
8.7	0.003
8.7	-0.014
8.7	-0.034
8.7	0.013
8.7	-0.007
8.7	0.009
8.7	0.018
8.7	0.012
8.7	-0.002
8.7	-0.005
8.7	-0.002
8.7	-0.012
8.7	0.006
8.7	0.021
8.7	0.016
8.7	0.003
8.7	0.019
8.7	0.018
8.7	-0.008
8.7	0.006
8.8	-0.003
8.8	-0.009
8.8	-0.011
8.8	-0.007
8.8	0.015
8.8	0.031
8.8	0.005
8.8	0.021
8.8	0.000
8.8	0.012
8.8	0.019
8.8	-0.012
